tree
version=v4
num_class=1
num_tree_per_iteration=1
label_index=0
max_feature_idx=52
objective=poisson
feature_names=last_5_avg_hits last_10_avg_hits last_20_avg_hits season_avg_hits last_10_rate_over_0.5_hits last_10_rate_over_1.5_hits last_10_rate_over_2.5_hits last_5_avg_total_bases last_10_avg_total_bases season_avg_total_bases last_5_avg_at_bats last_10_avg_at_bats season_avg_at_bats last_5_avg_strikeouts last_10_avg_strikeouts season_avg_strikeouts last_5_avg_walks last_10_avg_walks last_5_avg_runs last_10_avg_runs last_5_avg_rbis last_10_avg_rbis last_5_avg_home_runs last_10_avg_home_runs days_rest games_played_season pitcher_last_5_k_rate pitcher_last_10_k_rate pitcher_last_5_h_per_9 pitcher_last_10_h_per_9 pitcher_last_5_bb_per_9 pitcher_last_10_bb_per_9 pitcher_last_5_era pitcher_last_10_era pitcher_last_5_avg_outs pitcher_last_10_avg_outs last_5_avg_batter_k_rate last_10_avg_batter_k_rate last_5_avg_batter_bb_rate last_10_avg_batter_bb_rate last_10_avg_batter_iso last_10_avg_batter_slg last_10_avg_batter_hard_contact last_10_avg_batter_babip season_avg_batter_k_rate season_avg_batter_hard_contact last_10_avg_pitcher_command last_10_avg_pitcher_bb9 park_factor wx_temp wx_wind_out last_10_avg_faced_era last_10_avg_faced_k_rate
feature_infos=[0:4] [0:4] [0:4] [0:4] [0:1] [0:0.75] [0:0.66669999999999996] [0:10] [0:10] [0:10] [0.5:6] [0.5:6] [0.5:6] [0:4] [0:4] [0:4] [0:3] [0:3] [0:3] [0:3] [0:7] [0:7] [0:2] [0:2] [0:10] [1:13] [0:0.57140000000000002] [0:0.57140000000000002] [0:30.857099999999999] [0:30.857099999999999] [0:40.5] [0:40.5] [0:67.5] [0:67.5] [0:8.4000000000000004] [0:4.2000000000000002] none none none none none none none none none none none none none none none [0:17.100000000000001] [0:0.40910000000000002]
tree_sizes=2245 2315 1990 2094 2195 2095 2196 2098 2093 2203 2305 1984 2095 2096 2097 2201 2210 2201 2211 2208

Tree=0
num_leaves=20
num_cat=0
split_feature=25 11 29 29 34 26 52 52 30 24 25 26 30 25 52 7 7 7 8
split_gain=7.99189 5.59567 3.3089 4.96697 3.23569 3.48682 3.04475 3.90241 2.16263 2.59236 2.09803 2.40722 1.78319 2.01007 1.72117 0.91448 1.54311 1.22384 0.376108
threshold=7.5000000000000009 3.3875000000000006 4.2500000000000009 10.703550000000002 3.3000000000000003 0.22475000000000003 0.12255000000000001 0.092600000000000002 3.2082500000000005 1.0000000180025095e-35 1.5000000000000002 0.048250000000000008 2.1634500000000005 4.5000000000000009 0.041550000000000011 1.6333500000000003 2.4500000000000006 0.90000000000000013 0.84520000000000006
decision_type=2 2 2 2 2 2 2 2 2 2 2 2 2 2 2 2 2 2 2
left_child=1 4 -2 6 10 -6 7 -4 9 -3 -1 18 13 15 -10 17 -17 -11 -12
right_child=2 8 3 -5 5 -7 -8 -9 14 12 11 -13 -14 -15 -16 16 -18 -19 -20
leaf_value=-0.11153288160332669 -0.09702310039937953 -0.099771781887331476 -0.10262329912193006 -0.097202540637697704 -0.10089180460637197 -0.10765793376403685 -0.099695499238397975 -0.1102369847901489 -0.10349843316779665 -0.10623198874568852 -0.10661822073027985 -0.11010918710855691 -0.10844274163957707 -0.10141958634338137 -0.098210028518602666 -0.10916318079337894 -0.10430232413751409 -0.10224754959483996 -0.10433581535573072
leaf_weight=223.25881934165955 257.74595403671265 188.77168464660645 254.11572933197021 232.33438110351562 254.11572933197021 234.14949345588684 181.51123523712158 186.95657229423523 197.84724640846252 219.62859463691711 210.55303287506104 270.45174050331116 183.3263475894928 308.56909990310669 196.03213405609131 192.40190935134888 228.70415639877319 281.34241461753845 255.93084168434143
leaf_count=123 142 104 140 128 140 129 100 103 109 121 116 149 101 170 108 106 126 155 141
internal_value=-0.103943 -0.104895 -0.100996 -0.102194 -0.106788 -0.104137 -0.104056 -0.10585 -0.103522 -0.104175 -0.108136 -0.107107 -0.104762 -0.104214 -0.100866 -0.105149 -0.106523 -0.103994 -0.105366
internal_weight=4557.75 3445.08 1112.66 854.918 1448.46 488.265 622.584 441.072 1996.62 1602.74 960.194 736.936 1413.97 1230.65 393.879 922.077 421.106 500.971 466.484
internal_count=2511 1898 613 471 798 269 343 243 1100 883 529 406 779 678 217 508 232 276 257
is_linear=0
shrinkage=1


Tree=1
num_leaves=20
num_cat=0
split_feature=25 11 28 28 34 26 52 52 30 24 25 26 30 25 14 7 7 7 16
split_gain=7.66369 5.39553 3.14261 4.73271 3.13205 3.35353 2.91929 3.77622 2.07127 2.48324 2.04677 2.3385 1.72324 1.92954 1.70668 0.882188 1.49514 1.17681 0.567109
threshold=7.5000000000000009 3.3875000000000006 4.2500000000000009 10.703550000000002 3.3000000000000003 0.22475000000000003 0.12255000000000001 0.092600000000000002 3.2082500000000005 1.0000000180025095e-35 1.5000000000000002 0.048250000000000008 2.1634500000000005 4.5000000000000009 0.84520000000000006 1.6333500000000003 2.4500000000000006 0.90000000000000013 0.36665000000000009
decision_type=2 2 2 2 2 2 2 2 2 2 2 2 2 2 2 2 2 2 2
left_child=1 4 -2 6 10 -6 7 -4 9 -3 -1 18 13 15 -10 17 -17 -11 -12
right_child=2 8 3 -5 5 -7 -8 -9 14 12 11 -13 -14 -15 -16 16 -18 -19 -20
leaf_value=-0.0075863131214267071 0.00664785909403695 0.0039833428885951531 0.0012034253450396821 0.0064743656672794289 0.0028933556091560605 -0.0037440721776079195 0.0040574902246251479 -0.006298015259654185 0.0055350457831846427 -0.0023376996616234452 -0.00018931263338671923 -0.0061711496450516335 -0.0045198355807071818 0.0023788700428476013 0.00027680769845848621 -0.0052330529402946141 -0.00044095339511196361 0.0015706579660755419 -0.0029884171706227691
leaf_weight=221.55069780349731 259.51225996017456 189.54360675811768 254.42831993103027 233.88456726074219 254.86923456192017 233.26018381118774 182.26736783981323 185.76678013801575 198.43724370002747 219.10663604736328 250.07498240470886 268.76491916179657 182.48678874969482 309.32077050209045 196.62148833274841 191.38285160064697 228.60132694244385 281.79435431957245 215.70377266407013
leaf_count=123 142 104 140 128 140 129 100 103 109 121 138 149 101 170 108 106 126 155 119
internal_value=-8.88847e-05 -0.00102289 0.00279177 0.0016232 -0.00288543 -0.000278442 -0.000199576 -0.00196226 0.00032389 -0.000315734 -0.00421642 -0.00320001 -0.00089255 -0.000354484 0.00291801 -0.0012726 -0.00262467 -0.000138956 -0.00148559
internal_weight=4557.38 3441.52 1115.86 856.347 1444.22 488.129 622.462 440.195 1997.3 1602.24 956.094 734.544 1412.69 1230.21 395.059 920.885 419.984 500.901 465.779
internal_count=2511 1898 613 471 798 269 343 243 1100 883 529 406 779 678 217 508 232 276 257
is_linear=0
shrinkage=0.04


Tree=2
num_leaves=17
num_cat=0
split_feature=11 52 52 9 12 20 1 10 26 17 16 26 14 5 21 21
split_gain=7.32172 6.59112 3.91506 3.26557 2.49853 2.98467 2.61367 2.40447 1.83831 2.4845 2.65007 1.62543 1.62053 1.28059 1.02094 0.963919
threshold=2.2928500000000001 0.041550000000000011 0.060750000000000005 1.9129000000000003 3.3875000000000006 0.36665000000000009 0.73215000000000019 3.9000000000000004 0.24720000000000003 0.11805000000000002 0.36665000000000009 0.20415000000000003 1.4722000000000002 0.13395000000000004 0.18335000000000004 0.81665000000000021
decision_type=2 2 2 2 2 2 2 2 2 2 2 2 2 2 2 2
left_child=-1 7 -3 4 6 -6 -4 8 9 -2 -11 -7 14 -12 -9 -16
right_child=1 2 3 -5 5 11 -8 12 -10 10 13 -13 -14 -15 15 -17
leaf_value=-0.0060043637904121294 -0.0043033612895641716 0.0057329516580551902 0.00066099188962840023 0.0047098304096524941 0.0044166406895755133 0.0024841492680117549 -0.0048582898910855127 -0.0026322498686221696 -0.0052629572110544885 0.0031834009230601226 -0.0037069968859015996 -0.0023569454179327414 0.0035288694802010738 0.00044890982478143048 0.0028057630781761957 -0.0011920931132275874
leaf_weight=311.70971596240997 347.04257035255432 362.5514965057373 311.82391107082367 333.69629430770874 362.43743228912354 184.36015939712524 245.24958300590515 232.13756632804871 260.26585924625397 246.45489990711212 274.81344151496887 278.75413429737091 210.32578730583191 208.74029290676117 185.27361536026001 201.37838447093964
leaf_count=173 192 199 172 183 199 101 135 128 144 136 152 153 116 115 102 111
internal_value=-8.73093e-05 0.000347148 0.0019561 0.00115829 0.000301127 0.00169793 -0.00176885 -0.00119678 -0.00224605 -0.00151702 -0.000192412 -0.000429765 0.000495637 -0.00191298 -0.000535355 0.000723576
internal_weight=4557.02 4245.31 2078.87 1716.32 1382.63 825.552 557.073 2166.43 1337.32 1077.05 730.009 463.114 829.115 483.554 618.79 386.652
internal_count=2511 2338 1142 943 760 453 307 1196 739 595 403 254 457 267 341 213
is_linear=0
shrinkage=0.04


Tree=3
num_leaves=18
num_cat=0
split_feature=25 11 28 28 52 52 11 34 30 28 11 17 7 5 8 21 16
split_gain=7.17236 5.02862 2.97158 4.47395 2.81584 3.62942 2.57779 2.58951 2.65598 2.13764 2.01439 2.35436 2.17163 2.15501 1.2951 1.04711 0.699866
threshold=7.5000000000000009 2.2928500000000001 4.2500000000000009 10.703550000000002 0.12255000000000001 0.092600000000000002 4.1548000000000007 3.1000000000000005 3.3238500000000006 7.4318000000000008 3.3875000000000006 0.18335000000000004 1.5500000000000003 0.18335000000000004 1.5857000000000003 0.41430000000000006 0.36665000000000009
decision_type=2 2 2 2 2 2 2 2 2 2 2 2 2 2 2 2 2
left_child=1 -1 -2 4 5 -4 7 10 9 -9 12 14 16 -13 -12 -8 -3
right_child=2 6 3 -5 -6 -7 15 8 -10 -11 11 13 -14 -15 -16 -17 -18
leaf_value=-0.0059489247765227848 0.0064244477953245309 -0.0034999442258667052 0.0011361076323861117 0.0062474721102044042 0.0039481560197271986 -0.0062246139308322346 0.00043910255895218751 -0.0027151656422081372 0.0042366715783803055 0.0019267312473925029 -0.00095122037685132783 0.0035735178164481209 0.00034809402641829281 -0.0013573046048466081 -0.0048070305106818288 0.0046401418159734828 -0.0064206412227262744
leaf_weight=298.96897315979004 261.71776926517487 312.89211118221283 255.24392974376678 235.91694509983063 183.10427606105804 184.76701593399048 187.16893422603607 342.89220249652863 258.92026257514954 295.54647243022919 334.17597007751465 279.90014207363129 180.09543490409851 287.47266340255737 239.10127377510071 192.62512004375458 226.1438535451889
leaf_count=167 142 174 140 128 100 103 103 189 142 163 184 154 100 158 132 106 126
internal_value=-8.57391e-05 -0.000992102 0.00269291 0.00155604 -0.000220175 -0.00195477 -0.000519686 -0.00094526 0.000819504 -0.000566336 -0.00179677 -0.000751503 -0.00345473 0.0010752 -0.00255939 0.0025698 -0.00472528
internal_weight=4556.65 3435.9 1120.75 859.032 623.115 440.011 3136.93 2757.14 897.359 638.439 1859.78 1140.65 719.131 567.373 573.277 379.794 539.036
internal_count=2511 1898 613 471 343 243 1731 1522 494 352 1028 628 400 312 316 209 300
is_linear=0
shrinkage=0.04


Tree=4
num_leaves=19
num_cat=0
split_feature=25 11 28 28 11 34 31 15 28 11 7 8 8 19 4 16 16 5
split_gain=6.87857 4.86743 2.82417 4.2652 2.47366 2.49249 2.53996 2.14601 2.05639 1.94694 2.10281 2.09053 2.0328 1.99588 1.17485 1.15795 0.682378 0.25852
threshold=7.5000000000000009 2.2928500000000001 4.2500000000000009 10.703550000000002 4.1548000000000007 3.1000000000000005 3.3238500000000006 0.72080000000000011 7.4318000000000008 3.3875000000000006 1.5500000000000003 1.8166500000000003 0.78890000000000016 0.26785000000000009 0.58570000000000011 0.22500000000000003 0.36665000000000009 0.31665000000000004
decision_type=2 2 2 2 2 2 2 2 2 2 2 2 2 2 2 2 2 2
left_child=1 -1 -2 7 5 9 8 -4 -7 10 16 12 -11 -14 -9 -13 -3 -6
right_child=2 4 3 -5 17 6 -8 14 -10 11 -12 15 13 -15 -16 -17 -18 -19
leaf_value=-0.0058659017064529627 0.006256104000316909 -0.0034425725035261544 0.0028240988503125475 0.0060848533127165396 0.0035108720464458736 -0.0026685421274001519 0.0041347834230013297 0.00015833803645416819 0.0018847878411670828 -0.0023955013067827931 0.00034105965768780141 -0.005029154462429449 0.0050483080165288057 -0.00013898436580381328 -0.0042310966163664546 -0.00070695688317138619 -0.0063340523697071483 0.0014244614510191382
leaf_weight=297.1957072019577 263.40457081794739 311.79892134666443 232.72716200351715 237.39544236660004 198.508753657341 341.9624547958374 260.01954758167267 195.78708148002625 296.1164618730545 251.89045655727386 180.1581346988678 218.41335463523865 203.92008173465729 283.9119119644165 194.46895360946655 181.66200196743011 224.69651317596436 182.26339101791382
leaf_count=167 142 174 128 128 109 189 142 108 163 139 100 121 112 156 107 100 126 100
internal_value=-8.42092e-05 -0.000973488 0.00263203 0.00152252 -0.000509738 -0.000927469 0.000802473 -0.000216012 -0.000555456 -0.00176437 -0.00339799 -0.000737213 0.000522612 0.00202937 -0.00202897 -0.00306658 -0.00465359 0.00251217
internal_weight=4556.3 3432.52 1123.78 860.379 3135.32 2754.55 898.098 622.983 638.079 1856.45 716.654 1139.8 739.722 487.832 390.256 400.075 536.495 380.772
internal_count=2511 1898 613 471 1731 1522 494 343 352 1028 400 628 407 268 215 221 300 209
is_linear=0
shrinkage=0.04


Tree=5
num_leaves=18
num_cat=0
split_feature=25 6 26 11 20 18 30 14 52 11 28 34 5 19 11 1 10
split_gain=7.65802 4.6758 5.45059 4.62858 3.32964 2.34081 2.03758 3.71638 1.9122 2.40398 2.32746 1.68095 1.42054 1.24264 1.31266 1.16706 0.697817
threshold=7.5000000000000009 1.0000000180025095e-35 0.16165000000000004 3.3875000000000006 0.36665000000000009 0.70835000000000015 3.0882500000000004 1.5635000000000001 0.033650000000000006 2.8166500000000005 5.0260000000000007 3.1000000000000005 0.35415000000000002 0.73215000000000019 3.6458500000000007 0.84520000000000006 2.7750000000000004
decision_type=2 2 2 2 2 2 2 2 2 2 2 2 2 2 2 2 2
left_child=3 2 -2 5 -4 8 7 12 10 -10 16 -8 13 14 -5 -16 -1
right_child=1 -3 4 6 -6 -7 11 -9 9 -11 -12 -13 -14 -15 15 -17 -18
leaf_value=-7.8559455224123646e-05 0.0070257582993220507 0.0069517601003510326 0.0032914061885696284 0.0013915119355070791 -0.0031257395416513724 -0.0064350309263992572 0.00058404830394820221 0.004769731615484077 -0.0029121431778429763 0.0027920285398147547 -0.0066984940076152402 0.005673869639334226 -0.0038259699546039955 0.0023876492746837778 -0.00025069111145178247 -0.0037092240581348039 -0.0029065552372619227
leaf_weight=240.58809328079224 197.84916853904724 346.07273435592651 207.30026626586914 259.70452690124512 344.13386642932892 202.55605900287628 217.14187872409821 212.72152900695801 217.09289157390594 259.54030704498291 203.57133734226227 198.92485332489014 224.47470009326935 215.72004806995392 310.00288116931915 314.46953523159027 332.60881054401398
leaf_count=135 107 188 113 143 188 113 119 117 121 144 114 108 124 119 171 173 186
internal_value=0.000196646 0.00310629 0.00133017 -0.000738228 -0.000713346 -0.00244532 0.000534303 -0.000137868 -0.00180056 0.00019394 -0.00302441 0.00301753 -0.00092613 -0.000334311 -0.00099841 -0.00199233 -0.00171956
internal_weight=4504.47 1095.36 749.283 3409.12 551.434 1455.96 1953.16 1537.09 1253.4 476.633 776.768 416.067 1324.37 1099.9 884.177 624.472 573.197
internal_count=2483 596 408 1887 301 813 1074 847 700 265 435 227 730 606 487 344 321
is_linear=0
shrinkage=0.04


Tree=6
num_leaves=19
num_cat=0
split_feature=52 11 11 26 52 51 51 10 51 11 14 26 14 8 29 8 7 4
split_gain=6.93649 4.36667 3.27472 3.06376 2.5436 4.02086 3.9733 3.71084 2.80482 2.30164 1.95792 1.88113 1.44985 1.10629 0.888618 0.745749 1.28584 0.653967
threshold=0.041550000000000011 2.7639000000000005 3.3541500000000002 0.22905000000000003 0.096700000000000022 2.7865000000000006 2.4278500000000003 3.9000000000000004 1.4922000000000002 3.6833500000000003 1.4722000000000002 0.15190000000000001 0.23610000000000003 0.81665000000000021 7.0241000000000007 1.6458500000000003 2.2250000000000005 0.41430000000000006
decision_type=2 2 2 2 2 2 2 2 2 2 2 2 2 2 2 2 2 2
left_child=2 -2 3 12 5 7 9 8 14 -6 11 15 -1 -14 -3 17 -17 -4
right_child=1 4 10 -5 6 -7 -8 -9 -10 -11 -12 -13 13 -15 -16 16 -18 -19
leaf_value=-0.0051264873742712025 -0.0029329279255534608 -0.00014598537860822919 -0.0021620351918055429 -0.0078817331539830209 0.000746559331631817 -0.00098803762220954711 0.0045219363679239498 0.0099702734946454583 0.0072561065582351352 -0.0047464011957590556 0.0029334900674814935 0.0020085418440712586 -0.0028215499196839466 0.00067716886461254293 0.0035373227234046056 -0.0054718953857602641 -0.0010409195425129482 0.00097582789945416151
leaf_weight=184.57039380073547 269.33665490150452 208.95221555233002 210.15314197540283 176.93680763244629 339.64142167568207 220.39297795295715 301.82057976722717 191.72957956790924 222.71781766414642 190.51385414600372 275.47602427005768 281.63921594619751 286.3536856174469 292.10468995571136 210.24980640411377 183.44140148162842 244.38846170902252 214.97904849052429
leaf_count=104 150 114 116 100 186 120 164 104 121 104 151 155 161 163 115 102 135 118
internal_value=0.000192531 0.00183139 -0.00131056 -0.0031394 0.00251177 0.00381685 0.000858343 0.00508712 0.00362862 -0.00122736 -9.14464e-05 -0.000825887 -0.00203971 -0.0010548 0.00170137 -0.00176179 -0.0029408 -0.000575294
internal_weight=4505.4 2155.35 2350.04 939.966 1886.02 1054.04 831.976 833.649 641.92 530.155 1410.08 1134.6 763.029 578.458 419.202 852.962 427.83 425.132
internal_count=2483 1178 1305 528 1028 574 454 454 350 290 777 626 428 324 229 471 237 234
is_linear=0
shrinkage=0.04


Tree=7
num_leaves=18
num_cat=0
split_feature=25 6 26 12 20 18 30 13 52 20 28 34 5 19 13 10 10
split_gain=7.13458 4.40179 5.16195 4.30105 3.19346 2.28297 1.89234 3.48364 1.78977 2.24425 2.23036 1.59047 1.38744 1.18458 1.62882 0.991778 0.681612
threshold=7.5000000000000009 1.0000000180025095e-35 0.16165000000000004 3.3875000000000006 0.36665000000000009 0.70835000000000015 3.0882500000000004 1.6333500000000003 0.033650000000000006 0.36665000000000009 5.0260000000000007 3.1000000000000005 0.35415000000000002 0.73215000000000019 0.70835000000000015 3.7083500000000007 2.7750000000000004
decision_type=2 2 2 2 2 2 2 2 2 2 2 2 2 2 2 2 2
left_child=3 2 -2 5 -4 8 7 12 10 -10 16 -8 13 14 -5 -16 -1
right_child=1 -3 4 6 -6 -7 11 -9 9 -11 -12 -13 -14 -15 15 -17 -18
leaf_value=-2.1040329346038084e-05 0.0067736758073816648 0.006697107142641644 0.0031766893531794951 0.0012578225312423871 -0.003099956416920777 -0.0063251749257334355 0.00052546900612559177 0.0047879514178175153 -0.0019766480729021241 0.0036636541575911547 -0.0065423932406287249 0.0054622895438929857 -0.0037537259777679446 0.0023300338930604711 -0.00025703433830988684 -0.0036791217628218986 -0.0028213085155932675
leaf_weight=239.8906763792038 199.72153210639954 349.39075887203217 208.33241486549377 335.2076780796051 343.6045686006546 200.91241908073425 217.76575016975403 199.58327960968018 292.95405280590057 183.61830365657806 201.18581259250641 200.58674299716949 223.46804094314575 219.88473510742188 230.53722906112671 328.71382558345795 330.94506072998047
leaf_count=135 107 188 113 185 188 113 119 109 163 102 114 108 124 121 127 181 186
internal_value=0.000188502 0.00298752 0.0012632 -0.000716527 -0.000730793 -0.0023678 0.000507318 -0.000141737 -0.00173102 0.000196501 -0.00292088 0.00289252 -0.00087718 -0.000300323 -0.000946944 -0.00226845 -0.00164451
internal_weight=4506.3 1101.05 751.659 3405.25 551.937 1449.51 1955.75 1537.39 1248.59 476.572 772.022 418.352 1337.81 1114.34 894.459 559.251 570.836
internal_count=2483 596 408 1887 301 813 1074 847 700 265 435 227 738 614 493 308 321
is_linear=0
shrinkage=0.04


Tree=8
num_leaves=18
num_cat=0
split_feature=25 6 26 20 10 25 14 30 26 13 34 30 25 7 13 18 0
split_gain=6.83651 4.1822 4.92234 3.06987 2.70108 2.33498 1.82342 2.86645 1.5063 1.77425 1.49734 1.08469 1.88164 0.881075 0.508163 0.750783 0.963309
threshold=7.5000000000000009 1.0000000180025095e-35 0.16165000000000004 0.36665000000000009 3.3666500000000004 5.5000000000000009 1.7321500000000001 3.0882500000000004 0.22475000000000003 0.22500000000000003 3.1000000000000005 1.6123000000000003 4.5000000000000009 0.90000000000000013 0.45000000000000007 0.70835000000000015 0.70835000000000015
decision_type=2 2 2 2 2 2 2 2 2 2 2 2 2 2 2 2 2
left_child=4 2 -2 -4 5 8 7 11 9 -1 -9 12 14 -11 -6 16 -16
right_child=1 -3 3 -5 6 -7 -8 10 -10 13 -12 -13 -14 -15 15 -17 -18
leaf_value=-0.0055660386334977253 0.0065938544622645033 0.0065198228458376141 0.0031036142134714972 -0.0030479097602879625 -0.0033660628968133132 0.00092521162472273394 0.0037694616602345055 0.00049106001129440159 -0.0058086631023807822 -0.00258703037991972 0.0054127011899250625 -0.0035496132912094225 0.0020299105731962802 0.00033940895226472695 0.00025447613382791274 0.0011632927266675322 -0.0034383011285339087
leaf_weight=190.24473202228546 201.078972697258 351.73851823806763 208.99527549743652 342.54106044769287 189.12129175662994 325.17785024642944 209.87714016437531 208.30802917480469 230.52705645561218 342.66434335708618 188.32009208202362 228.0278217792511 328.86739480495453 316.7874413728714 196.83974575996399 182.62490713596344 265.44721710681915
leaf_count=108 107 188 113 188 105 181 114 114 131 193 101 126 180 177 109 101 147
internal_value=0.000184561 0.00291914 0.00123634 -0.000716895 -0.000702918 -0.00204644 0.000242387 -0.000171727 -0.00294099 -0.00216297 0.00282787 -0.00102707 -0.000532438 -0.00118123 -0.0015428 -0.00100812 -0.00186593
internal_weight=4507.19 1104.35 752.615 551.536 3402.84 1405.4 1997.43 1787.56 1080.22 849.697 396.628 1390.93 1162.9 659.452 834.033 644.912 462.287
internal_count=2483 596 408 301 1887 790 1097 983 609 478 215 768 642 370 462 357 256
is_linear=0
shrinkage=0.04


Tree=9
num_leaves=19
num_cat=0
split_feature=25 11 6 26 20 18 26 26 52 30 14 34 17 8 11 8 4 8
split_gain=6.55123 4.02657 3.97466 4.69477 2.95109 2.21572 1.74665 3.02345 1.77347 1.72583 3.23282 1.44825 1.2655 1.98552 0.824306 1.2592 0.477279 0.434763
threshold=7.5000000000000009 3.3875000000000006 1.0000000180025095e-35 0.16165000000000004 0.36665000000000009 0.70835000000000015 0.22475000000000003 0.12830000000000003 0.04395000000000001 3.0882500000000004 1.5635000000000001 3.1000000000000005 0.15480000000000002 1.5857000000000003 3.7071500000000008 1.7321500000000001 0.23610000000000003 1.3166500000000003
decision_type=2 2 2 2 2 2 2 2 2 2 2 2 2 2 2 2 2 2
left_child=1 5 3 -2 -5 6 7 16 -8 10 12 -11 13 -3 -14 -16 -1 -18
right_child=2 9 -4 4 -6 -7 8 -9 -10 11 -12 -13 14 -15 15 -17 17 -19
leaf_value=-0.0036146031991286741 0.0064199730423090129 -3.9624163682142261e-05 0.0063483682772975027 0.003032443988984875 -0.0029965794952977673 -0.0062090739526683416 -0.0067621007484210951 0.0034146391780043111 -0.0012556087916684227 0.00049947807813234904 0.0044088237108386866 0.0051960571921367583 0.0017678912954650309 -0.0046356670037191435 -0.0033224988050406814 0.0011955115643324417 -0.00020663518037825781 -0.0027343830630925346
leaf_weight=209.24610733985901 202.4092401266098 316.79112064838409 354.03928518295288 209.64492321014404 341.49861407279968 199.20408940315247 183.18776905536652 216.51296865940094 191.31758606433868 218.04370427131653 215.88451981544495 202.7177802324295 321.75592219829559 286.3194751739502 188.62319982051849 207.03812146186829 252.33027791976929 191.48779582977295
leaf_count=119 107 175 188 113 188 113 105 120 107 119 117 108 177 160 104 114 142 107
internal_value=0.00018072 -0.000689538 0.00285253 0.0012101 -0.000703249 -0.0022924 -0.00166526 -0.000681675 -0.00394909 0.00049247 -0.000129127 0.00276223 -0.000871007 -0.00222154 0.000264345 -0.000958355 -0.00203974 -0.00129725
internal_weight=4508.05 3400.46 1107.59 753.553 551.144 1443.29 1244.08 869.577 374.505 1957.17 1536.41 420.761 1320.53 603.111 717.417 395.661 653.064 443.818
internal_count=2483 1887 596 408 301 813 700 488 212 1074 847 227 730 335 395 218 368 249
is_linear=0
shrinkage=0.04


Tree=10
num_leaves=20
num_cat=0
split_feature=11 52 52 51 51 51 11 14 11 21 0 17 16 28 14 7 22 0 2
split_gain=5.51552 4.56733 4.54051 4.30556 4.06922 2.45342 2.13747 2.19449 1.91351 1.64334 1.76458 2.1656 3.29414 1.57566 1.51143 1.2277 3.32467 2.12862 0.94612
threshold=2.2928500000000001 0.041550000000000011 0.096700000000000022 3.0955500000000007 2.4278500000000003 0.94790000000000008 3.8819500000000002 0.68335000000000001 3.8660500000000004 0.70715000000000006 0.22500000000000003 0.15480000000000002 0.36665000000000009 7.0241000000000007 0.88195000000000012 1.6333500000000003 0.22500000000000003 0.63335000000000008 0.84520000000000006
decision_type=2 2 2 2 2 2 2 2 2 2 2 2 2 2 2 2 2 2 2
left_child=-1 8 3 6 5 -4 7 -3 9 10 -2 -12 -13 -9 -7 17 -17 -10 -14
right_child=1 2 4 -5 -6 14 -8 13 15 -11 11 12 18 -15 -16 16 -18 -19 -20
leaf_value=-0.0052502366839441064 -0.0050191288702427011 0.0060568462412782884 0.0012378065387900624 -0.0021282842475627227 0.0032006110808909002 -0.0018414988404515749 0.0080095973926577729 -0.0011483830310123487 -0.0011691378699452304 -0.0053499223003369758 -0.0035282918402199438 0.0045254260383620053 -0.0031116199768224831 0.0036571254507437156 -0.0067808846963866758 -0.0048499560143035643 0.0021243360604382266 0.0045903029107468175 0.00060277238914690319
leaf_weight=309.30991101264954 177.84624195098877 300.922926902771 195.24938690662384 193.96533215045929 313.908806681633 204.19585406780243 206.65152776241302 188.08413231372833 184.0135635137558 192.92396521568298 296.29411458969116 224.69294965267181 241.16822743415833 260.19813406467438 192.62333118915558 197.15646779537201 245.59131371974945 232.27554619312286 201.30767369270325
leaf_count=177 101 163 107 105 169 111 110 102 101 108 166 125 135 141 105 110 135 127 112
internal_value=-9.32281e-05 0.000282175 0.00163674 0.00330539 -0.00048103 -0.002433 0.00440801 0.00341459 -0.000987488 -0.00193551 -0.00135835 -0.000682602 0.000581187 0.0016409 -0.00423917 0.000484957 -0.00098133 0.00204444 -0.00142173
internal_weight=4558.38 4249.07 2055.8 1149.82 905.977 592.069 955.857 749.205 2193.27 1334.23 1141.31 963.463 667.169 448.282 396.819 859.037 442.748 416.289 442.476
internal_count=2510 2333 1113 621 492 323 516 406 1220 747 639 538 372 243 216 473 245 228 247
is_linear=0
shrinkage=0.04


Tree=11
num_leaves=17
num_cat=0
split_feature=11 52 52 51 51 10 30 14 10 21 17 16 8 14 7 28
split_gain=5.32567 4.38336 4.34223 4.11725 3.90815 3.15634 2.41742 2.17133 1.94533 1.99443 1.9204 3.14974 1.8999 1.12707 1.33596 0.994746
threshold=2.2928500000000001 0.041550000000000011 0.096700000000000022 3.0513500000000007 2.4278500000000003 3.9000000000000004 2.2821500000000001 0.68335000000000001 3.9000000000000004 0.70715000000000006 0.11805000000000002 0.36665000000000009 0.84520000000000006 1.4722000000000002 1.6333500000000003 7.0241000000000007
decision_type=2 2 2 2 2 2 2 2 2 2 2 2 2 2 2 2
left_child=-1 8 3 5 6 7 -4 -3 9 10 -2 -12 -13 14 -10 -9
right_child=1 2 4 -5 -6 -7 -8 15 13 -11 11 12 -14 -15 -16 -17
leaf_value=-0.0051733123211000114 -0.0037311990463014741 0.0057590519144167206 0.0001268987637629946 -0.0020004071670307547 0.0031269101316491843 0.0086049964547988064 -0.0049918639946084468 -0.00083042956739530092 0.0017273032192891857 -0.0056052031702568238 0.0033213506747672011 -0.0050868388322885061 -0.00012861486748610347 0.0030413602447700375 -0.0019867060400760111 0.0029773961903152958
leaf_weight=307.69021546840668 352.09056198596954 293.49246037006378 300.14540648460388 199.29457569122314 314.91511607170105 213.57006847858429 290.48757863044739 193.34857201576233 281.60252642631531 199.18350315093994 270.8675537109375 197.61009252071381 330.38089561462402 214.80239582061768 344.58249580860138 253.93146920204163
leaf_count=177 199 158 164 108 169 113 159 105 155 112 150 112 184 116 192 137
internal_value=-9.15628e-05 0.000276318 0.00160139 0.00322877 -0.000471841 0.00432078 -0.00239063 0.0030856 -0.000968966 -0.00190962 -0.00127006 -0.000185335 -0.00198432 0.000541174 -0.000316474 0.00133136
internal_weight=4558 4250.31 2059.19 1153.64 905.548 954.343 590.633 740.773 2191.12 1350.13 1150.95 798.859 527.991 840.987 626.185 447.28
internal_count=2510 2333 1113 621 492 513 323 400 1220 757 645 446 296 463 347 242
is_linear=0
shrinkage=0.04


Tree=12
num_leaves=18
num_cat=0
split_feature=12 52 52 51 51 10 51 14 10 21 17 16 8 14 14 5 28
split_gain=5.14201 4.20683 4.15296 3.9331 3.75348 2.98332 2.38069 2.06453 1.87332 1.93307 1.8545 3.02236 1.83854 1.46497 1.07917 1.29927 0.952261
threshold=2.2928500000000001 0.041550000000000011 0.096700000000000022 3.0513500000000007 2.4278500000000003 3.9000000000000004 0.94790000000000008 0.68335000000000001 3.9000000000000004 0.70715000000000006 0.11805000000000002 0.36665000000000009 0.84520000000000006 0.88195000000000012 1.4722000000000002 0.21110000000000004 7.0241000000000007
decision_type=2 2 2 2 2 2 2 2 2 2 2 2 2 2 2 2 2
left_child=-1 8 3 5 6 7 -4 -3 9 10 -2 -12 -13 -8 15 -10 -9
right_child=1 2 4 -5 -6 -7 13 16 14 -11 11 12 -14 -15 -16 -17 -18
leaf_value=-0.0050971188804983655 -0.0036708941061303893 0.0056119148985550272 0.0012664937303188458 -0.0019646380785522978 0.0030551336775289217 0.0083610768173146242 -0.0017757517204313065 -0.00081461756598288297 0.0016637841033436424 -0.0055250586371463194 0.0032444737157748915 -0.0050114813319726984 -0.00012607652531420444 -0.0066549435751908775 0.0029718044054049368 -0.0019925412714834685 0.0029094910663837281
leaf_weight=306.10254955291748 350.77929043769836 295.18757379055023 194.98430407047272 198.89630389213562 315.90136981010437 215.4157680273056 203.45362067222595 193.18807685375214 288.00777959823608 198.07016110420227 271.76869451999664 196.60743403434753 330.33840692043304 190.78668892383575 215.45668125152588 337.98017048835754 254.6886500120163
leaf_count=177 199 158 107 108 169 113 111 105 159 112 150 112 184 105 116 188 137
internal_value=-8.99058e-05 0.000270606 0.00156687 0.00315416 -0.000462798 0.00421638 -0.00234887 0.00301482 -0.000950741 -0.0018754 -0.00124652 -0.000181787 -0.00194886 -0.00413696 0.000530087 -0.00031032 0.00130313
internal_weight=4557.61 4251.51 2062.5 1157.38 905.126 958.48 589.225 743.064 2189.01 1347.56 1149.49 798.715 526.946 394.24 841.445 625.988 447.877
internal_count=2510 2333 1113 621 492 513 323 400 1220 757 645 446 296 216 463 347 242
is_linear=0
shrinkage=0.04


Tree=13
num_leaves=18
num_cat=0
split_feature=11 52 52 51 51 10 30 15 10 21 17 27 8 13 15 7 28
split_gain=4.96433 4.03746 3.97241 3.76007 3.60507 3.04514 2.33938 1.8278 1.8039 1.87333 1.79071 2.08619 2.0175 1.19649 1.03339 1.25867 0.908065
threshold=2.2928500000000001 0.041550000000000011 0.096700000000000022 3.0955500000000007 2.4278500000000003 3.9000000000000004 2.2821500000000001 0.70715000000000006 3.9000000000000004 0.70715000000000006 0.11805000000000002 0.22905000000000003 0.81665000000000021 0.90000000000000013 1.4494500000000001 1.6333500000000003 7.0241000000000007
decision_type=2 2 2 2 2 2 2 2 2 2 2 2 2 2 2 2 2
left_child=-1 8 3 5 6 7 -4 -3 9 10 -2 12 -12 -14 15 -10 -9
right_child=1 2 4 -5 -6 -7 -8 16 14 -11 11 -13 13 -15 -16 -17 -18
leaf_value=-0.0050216612346237859 -0.0036113438092473769 0.0053099955212325247 0.00016788546594923904 -0.0020198881948482743 0.0029852213047498505 0.0082445255297023852 -0.0048797499403054308 -0.00079909376625056155 0.0016745828196406539 -0.0054456191556467217 -0.0021699794682486142 -0.0038134277129861817 0.0047500143024008755 0.00033557281224689704 0.0029040433796623799 -0.0019305230440492824 0.0028303216921137719
leaf_weight=304.54627740383148 349.49397778511047 298.72793161869049 299.53126859664917 192.78703153133392 316.8679633140564 219.15517568588257 288.31402564048767 193.03076696395874 282.29182934761047 196.97882974147797 212.50822746753693 191.90049743652344 208.0165468454361 186.14796769618988 216.09792852401733 343.50293350219727 257.33975923061371
leaf_count=177 199 159 164 105 169 114 159 105 155 112 120 108 115 103 116 192 138
internal_value=-8.82805e-05 0.000265012 0.00153313 0.00308152 -0.000453948 0.00409725 -0.00230777 0.00288393 -0.000932841 -0.00184172 -0.00122339 -0.000178305 0.000971544 0.00266525 0.000519233 -0.000304284 0.00127474
internal_weight=4557.24 4252.69 2065.75 1161.04 904.713 968.254 587.845 749.098 2186.94 1345.05 1148.07 798.573 606.673 394.165 841.893 625.795 450.371
internal_count=2510 2333 1113 621 492 516 323 402 1220 757 645 446 338 218 463 347 243
is_linear=0
shrinkage=0.04


Tree=14
num_leaves=18
num_cat=0
split_feature=11 52 52 51 51 10 51 14 10 21 17 16 9 14 14 5 28
split_gain=4.79244 3.87506 3.80003 3.59384 3.46254 2.66381 2.30946 1.87137 1.737 1.81518 1.72895 2.90687 1.72746 1.41935 0.989618 1.22427 0.872813
threshold=2.2928500000000001 0.041550000000000011 0.096700000000000022 3.0513500000000007 2.4278500000000003 3.9000000000000004 0.94790000000000008 0.68335000000000001 3.9000000000000004 0.70715000000000006 0.11805000000000002 0.36665000000000009 0.84520000000000006 0.88195000000000012 1.4722000000000002 0.21110000000000004 7.0241000000000007
decision_type=2 2 2 2 2 2 2 2 2 2 2 2 2 2 2 2 2
left_child=-1 8 3 5 6 7 -4 -3 9 10 -2 -12 -13 -8 15 -10 -9
right_child=1 2 4 -5 -6 -7 13 16 14 -11 11 12 -14 -15 -16 -17 -18
leaf_value=-0.0049469434604487595 -0.0035525459802316977 0.0053351895746447118 0.0012928102427841065 -0.001896647768045136 0.0029171147364861097 0.0078962621272961851 -0.0017122975309918141 -0.00078385338481438212 0.0016132443733331615 -0.0053668911940738242 0.003177580087602079 -0.0048974552091031595 -0.00015170626747531738 -0.0065306418227034134 0.0028380216788288256 -0.0019362996806933578 0.0027787396994608349
leaf_weight=303.02078282833099 348.23411095142365 298.42925667762756 194.74176049232483 198.14363372325897 317.81529903411865 219.02274203300476 202.7423712015152 192.87657785415649 288.68553304672241 195.90907335281372 272.55770695209503 195.10947597026825 330.76792228221893 189.00798046588898 216.72639918327332 336.91984760761261 256.15939736366272
leaf_count=177 199 158 107 108 169 113 111 105 159 112 150 112 184 105 116 188 137
internal_value=-8.66789e-05 0.00025954 0.00150019 0.00301077 -0.000445237 0.00401686 -0.00226727 0.00288012 -0.000915264 -0.0018086 -0.00120066 -0.000174899 -0.00191246 -0.00403701 0.000508608 -0.000298363 0.00124848
internal_weight=4556.87 4253.85 2068.94 1164.63 904.307 966.488 586.492 747.465 2184.91 1342.58 1146.67 798.435 525.877 391.75 842.332 625.605 449.036
internal_count=2510 2333 1113 621 492 513 323 400 1220 757 645 446 296 216 463 347 242
is_linear=0
shrinkage=0.04


Tree=15
num_leaves=19
num_cat=0
split_feature=11 52 52 19 28 26 51 13 15 14 32 13 7 10 17 7 5 25
split_gain=4.3979 4.12129 3.03947 2.77682 2.343 1.72191 2.83549 2.85261 2.09098 1.10351 1.61481 1.47213 1.05946 1.54468 1.38284 1.72334 1.39886 0.137222
threshold=2.3541500000000002 0.041550000000000011 0.060750000000000005 0.18335000000000004 11.940000000000003 0.29865000000000003 0.87175000000000014 0.63335000000000008 1.1339500000000002 1.5857000000000003 2.4107000000000007 0.77500000000000013 0.77500000000000013 3.2250000000000005 0.23610000000000003 1.7083500000000003 0.21110000000000004 2.5000000000000004
decision_type=2 2 2 2 2 2 2 2 2 2 2 2 2 2 2 2 2 2
left_child=3 9 -3 -1 5 6 -4 -8 -9 10 12 -12 17 -14 15 -15 -16 -2
right_child=1 2 4 -5 -6 -7 7 8 -10 -11 11 -13 13 14 16 -17 -18 -19
leaf_value=-0.00056455447250711491 -0.003035967908392217 0.0048054608158067261 0.0026588486231788086 -0.007389116095551939 0.0043080229497977733 0.0033019795083031041 0.0013932297498816923 -0.0052305336452733876 -9.6558867825472026e-05 0.0014040076768202629 0.0033544376808646898 -0.0015621855608209309 -0.0042537864328456663 0.00047736841042622625 0.0036801268676777089 -0.0043672510676081152 -0.0011080315072645914 -0.0045667254090997174
leaf_weight=178.24889326095581 194.91967439651489 371.31813931465149 340.99596321582794 205.22200214862823 259.81080424785614 236.55978202819824 314.25471878051758 352.63055038452148 198.3117870092392 270.83680319786072 199.84624063968658 190.15118908882141 225.50188446044922 230.07966566085815 190.28575134277344 240.05945515632629 200.4758026599884 180.43123018741608
leaf_count=104 111 197 184 119 139 128 168 191 108 147 111 106 129 127 105 136 111 102
internal_value=-0.00011643 0.000258264 0.00152643 -0.00421685 0.000811293 0.000181602 -0.00043037 -0.00164791 -0.00338256 -0.0009808 -0.0013296 0.000957238 -0.00193973 -0.00130675 -0.000534818 -0.00199636 0.00122362 -0.0037718
internal_weight=4579.94 4196.47 2073.88 383.471 1702.56 1442.75 1206.19 865.197 550.942 2122.59 1851.75 389.997 1461.75 1086.4 860.901 470.139 390.762 375.351
internal_count=2523 2300 1115 223 918 779 651 467 299 1185 1038 217 821 608 479 263 216 213
is_linear=0
shrinkage=0.04


Tree=16
num_leaves=19
num_cat=0
split_feature=25 12 51 6 52 0 15 10 4 25 0 26 26 13 21 28 17 5
split_gain=4.29192 2.91843 2.31678 3.56353 2.267 1.64512 1.98684 1.27377 1.13482 1.38392 1.73901 1.3752 1.83799 1.55853 1.25771 0.884459 0.648901 0.439697
threshold=7.5000000000000009 2.3541500000000002 1.9420500000000003 1.0000000180025095e-35 0.092600000000000002 0.29165000000000002 0.17425000000000002 3.2250000000000005 0.73215000000000019 6.5000000000000009 1.1000000000000003 0.24720000000000003 0.20415000000000003 1.4500000000000002 0.15480000000000002 2.9210500000000006 0.18335000000000004 0.38750000000000007
decision_type=2 2 2 2 2 2 2 2 2 2 2 2 2 2 2 2 2 2
left_child=1 15 4 -4 -2 7 -7 -3 9 10 11 12 13 14 -8 -1 -16 -12
right_child=2 5 3 -5 -6 6 8 -9 -10 -11 17 -13 -14 -15 16 -17 -18 -19
leaf_value=-0.0023575433106557946 0.0032640970924565872 -0.0050448178063126859 0.0014689201127560635 0.0081644801881413775 -0.0017986072875854611 -0.0034043066938121863 -0.0033341931204136739 -0.00045638963954827363 -0.0023630575647615674 0.0030802150616400497 0.0036726045975832562 -0.0031141489490402524 0.0035802988460143922 0.0026598967158714157 -0.0019490153171049618 -0.0062919680429803547 0.0010056430101801333 0.0010727592537031231
leaf_weight=196.50552868843079 238.67680323123932 202.44835078716278 354.39162945747375 198.37381744384766 347.63730049133301 257.60816824436188 317.01437413692474 185.49986183643341 233.13813316822052 303.35220730304718 220.9379802942276 260.30995833873749 201.3333135843277 190.02536582946777 192.02432632446289 170.94717252254486 312.42430114746094 196.78860676288605
leaf_count=115 124 116 190 103 191 145 177 102 128 165 121 145 110 103 107 100 172 109
internal_value=-0.00011426 -0.000818881 0.0020139 0.00387179 0.000262319 -0.000416016 -6.42104e-05 -0.00285083 0.000290265 0.000572185 0.000169819 -0.000476143 9.0057e-05 -0.000604664 -0.00135984 -0.00418793 -0.000119083 0.00244783
internal_weight=4579.44 3440.36 1139.08 552.765 586.314 3072.9 2684.96 387.948 2427.35 2194.21 1890.86 1473.13 1212.82 1011.49 821.463 367.453 504.449 417.727
internal_count=2523 1915 608 293 315 1700 1482 218 1337 1209 1044 814 669 559 456 215 279 230
is_linear=0
shrinkage=0.04


Tree=17
num_leaves=19
num_cat=0
split_feature=25 11 51 6 52 0 14 10 10 1 14 23 34 8 1 17 7 28
split_gain=4.11848 2.81907 2.21176 3.37673 2.17402 1.58575 1.91481 1.23407 1.12223 3.08066 1.49814 1.24546 1.8013 1.96085 1.3022 1.18843 1.13582 0.860785
threshold=7.5000000000000009 2.3541500000000002 1.9420500000000003 1.0000000180025095e-35 0.092600000000000002 0.29165000000000002 0.18335000000000004 3.2250000000000005 3.4500000000000006 0.73215000000000019 0.78890000000000016 0.38750000000000007 2.5000000000000004 1.8166500000000003 0.81665000000000021 0.41430000000000006 1.2916500000000002 2.9210500000000006
decision_type=2 2 2 2 2 2 2 2 2 2 2 2 2 2 2 2 2 2
left_child=1 17 4 -4 -2 7 -7 -3 9 10 -8 12 13 16 -14 -11 -10 -1
right_child=2 5 3 -5 -6 6 8 -9 11 15 -12 -13 14 -15 -16 -17 -18 -19
leaf_value=-0.0023162236735270784 0.0031887297820798288 -0.0049698718123500976 0.001437607711170048 0.0079365786738247422 -0.0017660865782871305 -0.0033481794112661129 0.0011516297360008199 -0.00044753043371122765 -0.0022261263681091622 -0.0027510857379393168 0.0059579963099106806 0.0022587980766151754 -0.001620519775537131 -0.0053398558866434576 0.0023939329921860999 0.0014298551950013131 0.0015364672706221212 -0.0062063076986930534
leaf_weight=196.04280233383179 239.45714139938354 201.42960858345032 354.91258573532104 200.00006675720215 347.01259958744049 256.73268163204193 182.72625982761383 185.4152227640152 346.99216508865356 245.43711388111115 240.11083710193634 245.90671265125275 206.1076672077179 214.82341706752777 346.8517894744873 195.36691629886627 203.73946499824524 169.87495481967926
leaf_count=115 124 116 190 103 191 145 102 102 190 136 134 135 112 120 187 109 112 100
internal_value=-0.000112116 -0.000803368 0.00196976 0.00377995 0.000256978 -0.000408006 -6.30179e-05 -0.00280231 0.000284341 0.00144173 0.00388096 -0.0003546 -0.000842006 -0.00209852 0.000897604 -0.000898068 -0.00083418 -0.00412217
internal_weight=4578.94 3437.56 1141.38 554.913 586.47 3071.64 2684.8 386.845 2428.06 863.641 422.837 1564.42 1318.51 765.555 552.959 440.804 550.732 365.918
internal_count=2523 1915 608 293 315 1700 1482 218 1337 481 236 856 721 422 299 245 302 215
is_linear=0
shrinkage=0.04


Tree=18
num_leaves=19
num_cat=0
split_feature=11 52 52 19 28 9 2 14 17 34 14 32 13 7 10 5 19 10
split_gain=3.95651 3.71086 2.86329 2.71851 2.27015 1.97629 2.48926 1.76588 1.36155 1.23665 1.0346 1.51103 1.42071 1.00246 1.48972 1.36307 0.902482 0.0842541
threshold=2.3541500000000002 0.041550000000000011 0.060750000000000005 0.18335000000000004 11.940000000000003 1.9045500000000002 0.70715000000000006 0.56350000000000011 0.21110000000000004 4.1000000000000005 1.5857000000000003 2.4107000000000007 0.77500000000000013 0.77500000000000013 3.2250000000000005 0.18335000000000004 0.70715000000000006 3.3666500000000004
decision_type=2 2 2 2 2 2 2 2 2 2 2 2 2 2 2 2 2 2
left_child=3 10 -3 -1 5 6 9 -8 -9 -4 11 13 -13 17 -15 -16 -17 -2
right_child=1 2 4 -5 -6 -7 7 8 -10 -11 -12 12 -14 14 15 16 -18 -19
leaf_value=-0.00040219057571495636 -0.0030529439212740395 0.0046108776257074435 0.0036523981461817792 -0.0071943148601906091 0.0041799524185761007 0.0031093448631531869 0.0011431389335852821 -0.0060010327861496279 -0.0017347172747369736 -0.00054250240052066269 0.0013707849542440686 0.0032839145320945834 -0.0015437488154718861 -0.0041561135825442632 0.0014685748134434901 -0.0031133533669801343 0.00031575124083214987 -0.0042558087532167102
leaf_weight=176.76177299022675 185.59863829612732 374.27031064033508 243.24060845375061 202.06648766994476 261.19472563266754 285.55562365055084 196.12929272651672 190.44349694252014 322.14122557640076 209.09988522529602 271.26055121421814 200.45511388778687 189.95982182025909 224.09964275360107 341.27153825759888 317.61082649230957 200.20651650428772 187.08829963207245
leaf_count=104 108 197 132 119 139 151 105 103 174 114 147 111 106 129 189 178 112 105
internal_value=-0.000110021 0.00024314 0.00144225 -0.0040251 0.000747842 0.000128152 -0.000605057 -0.00208473 -0.00331981 0.00171325 -0.000935886 -0.00127479 0.000934972 -0.00186737 -0.00125169 -0.000494054 -0.00178754 -0.00365678
internal_weight=4578.45 4199.63 2082.08 378.828 1707.8 1446.61 1161.05 708.714 512.585 452.34 2117.55 1846.29 390.415 1455.88 1083.19 859.089 517.817 372.687
internal_count=2523 2300 1115 223 918 779 628 382 277 246 1185 1038 217 821 608 479 290 213
is_linear=0
shrinkage=0.04


Tree=19
num_leaves=19
num_cat=0
split_feature=11 52 52 19 28 9 2 23 34 34 15 32 13 7 10 5 15 10
split_gain=3.81601 3.56206 2.73187 2.6425 2.16977 1.89356 2.39374 1.81982 1.62371 1.18222 0.994789 1.45482 1.36114 0.969627 1.4397 1.31055 0.881575 0.0818436
threshold=2.3541500000000002 0.041550000000000011 0.060750000000000005 0.18335000000000004 11.940000000000003 1.9045500000000002 0.70715000000000006 0.11805000000000002 5.3000000000000016 4.1000000000000005 1.5857000000000003 2.4107000000000007 0.77500000000000013 0.77500000000000013 3.2250000000000005 0.18335000000000004 0.70715000000000006 3.3666500000000004
decision_type=2 2 2 2 2 2 2 2 2 2 2 2 2 2 2 2 2 2
left_child=3 10 -3 -1 5 6 9 8 -8 -4 11 13 -13 17 -15 -16 -17 -2
right_child=1 2 4 -5 -6 -7 7 -9 -10 -11 -12 12 -14 14 15 16 -18 -19
leaf_value=-0.00039436194815258029 -0.0030015440928756873 0.004498289362231787 0.0035666657439421762 -0.00710284071730916 0.0040796620113722959 0.0030380256474948414 -0.0025027391852856036 -0.0050069676852749672 0.0022684855628566391 -0.0005320178538766433 0.001341697428234385 0.0032080252425933475 -0.0015154459671306729 -0.0040906964145849111 0.0014372702660171482 -0.0036749267422176691 -0.0003337324909823824 -0.0041892442345081065
leaf_weight=176.69069492816925 185.03287923336029 376.00000905990601 244.13064408302307 200.61797392368317 262.28879249095917 286.44489717483521 294.91944301128387 226.16447758674622 186.15665209293365 208.98647892475128 271.63264513015747 201.11447298526764 189.66679787635803 223.17019188404083 341.7730895280838 219.90939402580261 296.98387777805328 186.29378056526184
leaf_count=104 108 197 132 119 139 151 159 123 100 114 147 111 106 129 189 124 166 105
internal_value=-0.000107962 0.00023815 0.00141143 -0.00396131 0.000732327 0.000125493 -0.000593492 -0.00204769 -0.000656472 0.00167627 -0.000918227 -0.00125114 0.000915475 -0.00183378 -0.00122843 -0.000484523 -0.00175523 -0.00359741
internal_weight=4577.98 4200.67 2085.09 377.309 1709.09 1446.8 1160.36 707.241 481.076 453.117 2115.58 1843.94 390.781 1453.16 1081.84 858.666 516.893 371.327
internal_count=2523 2300 1115 223 918 779 628 382 259 246 1185 1038 217 821 608 479 290 213
is_linear=0
shrinkage=0.04


end of trees

feature_importances:
last_10_avg_faced_k_rate=32
last_10_avg_at_bats=27
last_5_avg_at_bats=22
last_10_avg_strikeouts=22
pitcher_last_5_h_per_9=20
last_10_avg_faced_era=19
last_5_avg_total_bases=18
games_played_season=18
pitcher_last_5_k_rate=18
last_10_avg_total_bases=13
last_10_avg_walks=12
pitcher_last_5_bb_per_9=12
pitcher_last_5_avg_outs=12
last_10_rate_over_1.5_hits=11
last_5_avg_strikeouts=10
last_5_avg_walks=9
last_10_avg_rbis=9
season_avg_strikeouts=7
last_10_avg_runs=7
last_5_avg_hits=6
last_10_rate_over_2.5_hits=6
last_5_avg_rbis=6
last_10_avg_hits=4
last_10_rate_over_0.5_hits=4
season_avg_total_bases=4
season_avg_at_bats=4
last_5_avg_runs=4
last_20_avg_hits=3
pitcher_last_10_h_per_9=3
pitcher_last_5_era=3
last_10_avg_home_runs=2
days_rest=2
last_5_avg_home_runs=1
pitcher_last_10_k_rate=1
pitcher_last_10_bb_per_9=1

parameters:
[boosting: gbdt]
[objective: poisson]
[metric: poisson,l1,rmse]
[tree_learner: serial]
[device_type: cpu]
[data_sample_strategy: bagging]
[data: ]
[valid: ]
[num_iterations: 2000]
[learning_rate: 0.04]
[num_leaves: 31]
[num_threads: 0]
[seed: 42]
[deterministic: 0]
[force_col_wise: 0]
[force_row_wise: 0]
[histogram_pool_size: -1]
[max_depth: -1]
[min_data_in_leaf: 100]
[min_sum_hessian_in_leaf: 0.001]
[bagging_fraction: 0.9]
[pos_bagging_fraction: 1]
[neg_bagging_fraction: 1]
[bagging_freq: 5]
[bagging_seed: 400]
[bagging_by_query: 0]
[feature_fraction: 0.9]
[feature_fraction_bynode: 1]
[feature_fraction_seed: 30056]
[extra_trees: 0]
[extra_seed: 12879]
[early_stopping_round: 0]
[early_stopping_min_delta: 0]
[first_metric_only: 0]
[max_delta_step: 0]
[lambda_l1: 0]
[lambda_l2: 0]
[linear_lambda: 0]
[min_gain_to_split: 0]
[drop_rate: 0.1]
[max_drop: 50]
[skip_drop: 0.5]
[xgboost_dart_mode: 0]
[uniform_drop: 0]
[drop_seed: 17869]
[top_rate: 0.2]
[other_rate: 0.1]
[min_data_per_group: 100]
[max_cat_threshold: 32]
[cat_l2: 10]
[cat_smooth: 10]
[max_cat_to_onehot: 4]
[top_k: 20]
[monotone_constraints: ]
[monotone_constraints_method: basic]
[monotone_penalty: 0]
[feature_contri: ]
[forcedsplits_filename: ]
[refit_decay_rate: 0.9]
[cegb_tradeoff: 1]
[cegb_penalty_split: 0]
[cegb_penalty_feature_lazy: ]
[cegb_penalty_feature_coupled: ]
[path_smooth: 0]
[interaction_constraints: ]
[verbosity: -1]
[saved_feature_importance_type: 0]
[use_quantized_grad: 0]
[num_grad_quant_bins: 4]
[quant_train_renew_leaf: 0]
[stochastic_rounding: 1]
[linear_tree: 0]
[max_bin: 255]
[max_bin_by_feature: ]
[min_data_in_bin: 3]
[bin_construct_sample_cnt: 200000]
[data_random_seed: 175]
[is_enable_sparse: 1]
[enable_bundle: 1]
[use_missing: 1]
[zero_as_missing: 0]
[feature_pre_filter: 1]
[pre_partition: 0]
[two_round: 0]
[header: 0]
[label_column: ]
[weight_column: ]
[group_column: ]
[ignore_column: ]
[categorical_feature: ]
[forcedbins_filename: ]
[precise_float_parser: 0]
[parser_config_file: ]
[objective_seed: 16083]
[num_class: 1]
[is_unbalance: 0]
[scale_pos_weight: 1]
[sigmoid: 1]
[boost_from_average: 1]
[reg_sqrt: 0]
[alpha: 0.9]
[fair_c: 1]
[poisson_max_delta_step: 0.7]
[tweedie_variance_power: 1.5]
[lambdarank_truncation_level: 30]
[lambdarank_norm: 1]
[label_gain: ]
[lambdarank_position_bias_regularization: 0]
[eval_at: ]
[multi_error_top_k: 1]
[auc_mu_weights: ]
[num_machines: 1]
[local_listen_port: 12400]
[time_out: 120]
[machine_list_filename: ]
[machines: ]
[gpu_platform_id: -1]
[gpu_device_id: -1]
[gpu_use_dp: 0]
[num_gpu: 1]

end of parameters

pandas_categorical:[]
