tree
version=v4
num_class=1
num_tree_per_iteration=1
label_index=0
max_feature_idx=22
objective=binary sigmoid:1
feature_names=last_5_avg_home_runs last_10_avg_home_runs last_20_avg_home_runs season_avg_home_runs last_10_rate_over_0.5_home_runs season_avg_batter_iso season_avg_batter_slg season_avg_batter_hard_contact last_5_avg_total_bases last_10_avg_total_bases season_avg_total_bases last_10_avg_at_bats season_avg_at_bats last_10_avg_walks pitcher_last_10_era pitcher_last_5_era pitcher_last_10_k_rate pitcher_last_10_h_per_9 pitcher_last_10_bb_per_9 platoon_advantage park_factor days_rest games_played_season
feature_infos=[0:3] [0:3] [0:3] [0:3] [0:0.80000000000000004] [0:1] [0:1] [0:1] [0:12] [0:12] [0:12] [0.10000000000000001:6] [0:6] [0:3] [0:162] [0:162] [0:0.63160000000000005] [0:63] [0:135] [-1:1] [0.91000000000000003:1.1200000000000001] [0:794] [0:179]
tree_sizes=3382 3490 3489 3515 3483 3487 3497 3499 3492 3480 3496 3495 3484 3515 3500 3510 3485 3496 3513 3522 3514 3531

Tree=0
num_leaves=31
num_cat=0
split_feature=5 12 2 5 22 5 12 12 2 22 13 20 5 9 13 22 13 17 20 19 14 22 5 5 22 2 4 10 20 14
split_gain=1082.31 213.307 201.829 110.63 87.0379 77.6361 63.895 49.6989 33.9355 25.817 25.3032 22.8336 20.8065 23.462 19.867 19.6267 17.9382 17.5803 19.787 17.4363 23.6888 17.3604 15.7693 15.7343 15.156 14.3111 13.2768 13.2746 13.2466 13.1989
threshold=0.14785000000000001 3.2310500000000002 0.095450000000000021 0.19865000000000002 30.500000000000004 0.26505000000000006 3.4147000000000003 3.6254000000000004 0.19375000000000003 62.500000000000007 0.31665000000000004 0.95500000000000007 0.18275000000000002 2.8819500000000002 0.38750000000000007 52.500000000000007 0.68335000000000001 8.562750000000003 0.96500000000000008 0.75000000000000011 6.2837500000000013 56.500000000000007 0.093850000000000003 0.080350000000000019 55.500000000000007 0.095450000000000021 0.38750000000000007 1.4340500000000003 0.95500000000000007 4.614650000000001
decision_type=2 2 2 2 2 2 2 2 2 2 2 2 2 2 2 2 2 2 2 2 2 2 2 2 2 2 2 2 2 2
left_child=2 8 6 9 10 11 22 19 15 -3 -5 -6 13 -11 28 -2 23 -16 -19 -4 -21 -20 -1 -8 -22 -13 -15 -10 -7 -14
right_child=1 3 7 4 5 14 16 -9 27 12 -12 25 29 26 17 -17 -18 18 21 20 24 -23 -24 -25 -26 -27 -28 -29 -30 -31
leaf_value=-2.1115091068051699 -2.1017867784233086 -2.083545519204399 -2.0994371151217397 -2.0863348555368355 -2.0735169818481918 -2.0863176101137872 -2.1060493305379926 -2.0843992847177049 -2.0909143277266957 -2.0793067679303121 -2.0697162485254981 -2.0888403579415309 -2.0731250275930582 -2.0724790487080402 -2.0430340250084384 -2.0885836179932831 -2.0819223475460618 -2.0479054796217318 -2.0441847052563888 -2.0937282557693795 -2.0860003041176225 -1.9838073112036128 -2.1052697345350917 -2.0973479282824243 -2.0493877244668215 -2.059238669301092 -2.0224659541391681 -2.0763020095961298 -2.0447973390012919 -2.0583379421327663
leaf_weight=1935.2034183740616 518.90714067220688 1042.0250771641731 998.35031121969223 313.06777292490005 310.81548678874969 19.291320383548737 516.65485453605652 899.34764671325684 179.39948701858521 1134.4667342305183 279.3814063668251 28.104613959789276 294.07022899389267 18.116214573383331 83.236661553382874 273.40795183181763 88.035010278224945 22.033233940601349 12.338611006736754 727.78219842910767 43.478914976119995 33.882217526435852 1011.1785496473312 961.33447819948196 31.727856874465942 690.1788125038147 18.018289089202881 218.47175520658493 37.603385925292969 151.29487305879593
leaf_count=19762 5299 10641 10195 3197 3174 197 5276 9184 1832 11585 2853 287 3003 185 850 2792 899 225 126 7432 444 346 10326 9817 324 7048 184 2231 384 1545
internal_value=-2.09044 -2.07738 -2.10072 -2.07339 -2.06581 -2.05977 -2.1059 -2.09207 -2.09242 -2.07861 -2.07847 -2.06432 -2.07544 -2.07827 -2.03745 -2.09722 -2.09935 -2.02975 -2.01419 -2.09591 -2.0915 -1.999 -2.10937 -2.1004 -2.07023 -2.06038 -2.04663 -2.08291 -2.05851 -2.06804
internal_weight=12891.2 5678.11 7213.09 4487.92 1829.93 1237.48 4512.41 2700.69 1190.19 2657.99 592.449 1029.1 1615.97 1170.6 208.385 792.315 1566.02 151.491 68.2541 1801.34 802.989 46.2208 2946.38 1477.99 75.2068 718.283 36.1345 397.871 56.8947 445.365
internal_count=131643 57984 73659 45830 18687 12637 46080 27579 12154 27143 6050 10509 16502 11954 2128 8091 15992 1547 697 18395 8200 472 30088 15093 768 7335 369 4063 581 4548
is_linear=0
shrinkage=1


Tree=1
num_leaves=31
num_cat=0
split_feature=3 3 3 22 12 3 12 11 22 12 3 12 12 17 3 2 19 20 17 20 12 22 17 11 3 22 3 7 17 22
split_gain=1134.64 214.934 136.252 128.789 65.4955 58.9931 41.4992 38.1457 29.2243 23.3995 22.4834 21.4527 19.4125 21.9772 19.7868 18.4407 16.0369 14.9844 13.5707 17.3088 13.3082 13.2649 12.9142 12.6761 11.9934 11.6614 11.4412 11.1386 11.037 11.1174
threshold=0.11275 0.19615000000000002 0.055750000000000001 30.500000000000004 3.2154500000000001 0.24745000000000003 3.4413000000000005 3.4143000000000003 12.500000000000002 3.6834000000000002 0.16140000000000002 2.8188000000000004 3.4764000000000004 7.6203000000000012 0.28445000000000004 0.19375000000000003 0.75000000000000011 0.95500000000000007 8.1066500000000019 0.94500000000000006 3.4655500000000004 27.500000000000004 9.023950000000001 2.9500000000000006 0.22510000000000005 89.500000000000014 0.023350000000000006 0.073850000000000013 8.0931500000000014 16.500000000000004
decision_type=2 2 2 2 2 2 2 2 2 2 2 2 2 2 2 2 2 2 2 2 2 2 2 2 2 2 2 2 2 2
left_child=2 4 7 11 18 22 16 15 -9 10 -6 -3 -7 14 -14 -1 -4 -15 -2 -20 25 -11 24 -21 -5 -12 -10 -25 29 -8
right_child=1 3 6 5 9 12 28 8 26 21 20 -13 13 17 -16 -17 -18 -19 19 23 -22 -23 -24 27 -26 -27 -28 -29 -30 -31
leaf_value=-0.019967660721274247 -0.0089806089486862365 -0.0088493790882722845 -0.012958756367093895 0.015890009929160946 0.0030012437377198577 0.022208104118685661 0.012580927618196796 -0.0015777490022470849 -0.022911713748464839 0.0032367620125489677 0.015854481043248884 0.012663162843605203 0.017660290536415286 0.035735593069578901 0.048854785493630634 0.011451607097629058 -0.005582445477192651 0.057713177118884115 0.019228551431944029 -0.0094947505398924985 0.0076521040926497766 0.014308613929201136 0.03144131485534625 -0.016272543486008369 0.029508117249083657 0.039224187013607831 -0.011551327423364231 0.0095010896512086225 0.0021562391700127069 -0.0061030607748611401
leaf_weight=2350.317251548171 340.97684314101934 82.441729679703712 1013.9447809010744 333.78400335460901 1049.4197483733296 70.404528774321079 54.615916781127453 386.17746931314468 223.28607425838709 198.81431881338358 136.37226040661335 664.95697543770075 74.888048969209194 74.384371988475323 60.888739787042141 29.484350450336933 898.45355939120054 206.78585881739855 73.853643819689751 181.13062919676304 241.95936044305563 1532.4668847694993 267.85681511461735 31.417913794517517 157.32039825618267 47.564348481595516 416.77646514773369 161.34453698992729 901.61774840205908 627.56998071074486
leaf_count=24336 3493 841 10443 3355 10669 705 558 3968 2307 2019 1379 6736 748 746 603 302 9226 2035 756 1857 2443 15498 2686 322 1575 478 4289 1650 9209 6411
internal_value=-3.50325e-05 0.0127031 -0.0110897 0.0234315 0.00734425 0.0313075 -0.00553632 -0.0167849 -0.0103059 0.00988479 0.00616453 0.0102698 0.0422102 0.0455283 0.0318654 -0.019571 -0.00950197 0.0520153 -0.00296897 0.00158727 0.0139182 0.0130454 0.0242675 -0.00188632 0.0203024 0.0220527 -0.0155479 0.00520698 -0.000738847 -0.00458152
internal_weight=12891.3 5989.03 6902.24 1993.71 3995.32 1246.31 3496.2 3406.04 1026.24 3206.6 1475.32 747.399 487.352 416.947 135.777 2379.8 1912.4 281.17 788.724 447.747 425.896 1731.28 758.961 373.893 491.104 183.937 640.063 192.762 1583.8 682.186
internal_count=131643 60594 71049 20030 40564 12453 35847 35202 10564 32486 14969 7577 4837 4132 1351 24638 19669 2781 8078 4585 4300 17517 7616 3829 4930 1857 6596 1972 16178 6969
is_linear=0
shrinkage=0.04


Tree=2
num_leaves=31
num_cat=0
split_feature=3 3 3 12 12 12 13 2 16 16 6 3 17 7 16 2 20 17 3 16 12 17 6 18 18 12 12 3 12 5
split_gain=1044.65 184.179 136.435 62.2535 57.4525 44.1344 38.7189 34.2753 28.3317 23.9694 25.2533 22.634 20.0154 18.7186 18.2245 15.1275 14.83 13.6073 13.0931 13.054 12.8211 12.6839 19.0587 16.2936 15.2693 12.574 11.8666 12.0488 11.6743 11.3797
threshold=0.11525000000000001 0.19615000000000002 0.055750000000000001 3.1672500000000006 3.2661500000000001 3.4413000000000005 0.68335000000000001 0.095450000000000021 0.14585000000000004 0.18065000000000003 0.46435000000000004 0.23105000000000003 8.1494000000000018 0.083150000000000016 0.20665000000000003 0.19375000000000003 0.94500000000000006 10.390600000000001 0.13520000000000001 0.28145000000000003 3.4934000000000007 10.134300000000001 0.38215000000000005 3.5948000000000007 2.5210000000000004 3.4147000000000003 2.9288500000000002 0.14920000000000003 4.0205000000000011 0.14905000000000004
decision_type=2 2 2 2 2 2 2 2 2 2 2 2 2 2 2 2 2 2 2 2 2 2 2 2 2 2 2 2 2 2
left_child=2 4 7 -3 12 -4 9 8 20 10 28 -11 -2 -6 29 -9 -14 -13 21 -8 -1 -15 23 24 -23 -10 -18 -28 -5 -7
right_child=1 3 5 6 13 14 19 15 25 11 -12 17 16 18 -16 -17 26 -19 -20 -21 -22 22 -24 -25 -26 -27 27 -29 -30 -31
leaf_value=-0.012469200951153028 -0.0089204839829792378 0.0025520025169398493 -0.009201006416905964 0.038719001685939052 0.0047391137873073466 0.0023076731416423277 0.041332774336611991 -0.0090013373322284616 -0.021032348983120716 0.012339491127218154 0.012860650235320266 0.02589060936623382 0.018655787680714256 0.0032542543929361791 -0.0040496050375505568 0.011320810934138122 -0.0093914562347094145 0.0058940446298002928 0.013492583959958572 0.016143633381249599 0.0036570239646276869 0.022479380246907283 -0.001531627114417154 0.0041095155589242335 0.077998310917667901 -0.014622955677863311 -0.001363680906340382 0.016324650068507422 0.0056784411095967251 0.016476275484603734
leaf_weight=242.13864156603813 371.81602007895708 232.68119256943464 1951.3641570210457 270.37948589026928 853.71922494471073 624.5100346878171 254.09466528147459 352.92354284971952 1892.7222313731909 481.9511247202754 98.915096394717693 569.56260581314564 83.838429443538189 429.65334942936897 925.76410902291536 69.342121683061123 135.68647582083941 62.338760405778885 1664.641141705215 40.726672939956188 115.13781248033047 16.841074824333191 37.983844228088856 18.438369356095791 17.1435352191329 689.26621103286743 164.61808734387159 96.896685689687729 19.38309708237648 106.37746243178844
leaf_count=2549 3827 2353 20214 2659 8641 6383 2470 3652 19929 4778 975 5592 846 4329 9464 707 1398 613 16652 398 1192 170 382 186 173 7173 1684 985 192 1077
internal_value=-3.70211e-05 0.0123152 -0.0105333 0.022084 0.00721366 -0.00512534 0.0246044 -0.0163326 -0.0178654 0.0219706 0.0305866 0.0189409 -0.00194764 0.009789 -0.00031605 -0.00562632 0.00342071 0.0239431 0.0117553 0.037927 -0.00724089 0.00616393 0.019766 0.035293 0.0515587 -0.0193292 0.000155416 0.00516306 0.0365637 0.00439611
internal_weight=12890.9 5921.31 6969.55 2030.03 3891.28 3608.02 1797.35 3361.53 2939.26 1502.53 388.678 1113.85 852.856 3038.42 1656.65 422.266 481.04 631.901 2184.7 294.821 357.276 520.06 90.4068 52.423 33.9846 2581.99 397.201 261.515 289.763 730.887
internal_count=131643 59303 72340 20030 39273 37138 17677 35202 30843 14809 3826 10983 8740 30533 16924 4359 4913 6205 21892 2868 3741 5240 911 529 343 27102 4067 2669 2851 7460
is_linear=0
shrinkage=0.04


Tree=3
num_leaves=31
num_cat=0
split_feature=3 3 3 22 3 12 12 11 16 22 19 3 11 15 2 19 14 16 6 17 16 16 18 18 22 3 12 2 13 3
split_gain=962.332 171.204 121.948 91.5946 69.936 47.3766 36.0342 35.4905 29.4609 26.9196 22.7892 20.4214 20.2362 17.9547 16.4163 15.231 14.5522 13.1869 12.9831 23.6718 12.7387 12.7126 12.4623 11.9229 11.6632 13.8928 11.6311 11.5527 11.1288 11.0876
threshold=0.11275 0.18210000000000001 0.055750000000000001 30.500000000000004 0.24015000000000003 3.6518500000000005 3.4413000000000005 3.4143000000000003 0.16475000000000004 12.500000000000002 1.0000000180025095e-35 0.16140000000000002 2.9500000000000006 11.266800000000002 0.19375000000000003 0.75000000000000011 3.5614500000000002 0.14165000000000003 0.48815000000000003 8.3026500000000016 0.20665000000000003 0.27425000000000005 1.5528500000000003 3.4812000000000007 62.500000000000007 0.12735000000000005 3.1672500000000006 0.14645000000000002 0.31665000000000004 0.023350000000000006
decision_type=2 2 2 2 2 2 2 2 2 2 2 2 2 2 2 2 2 2 2 2 2 2 2 2 2 2 2 2 2 2
left_child=2 5 7 12 8 11 15 14 -5 23 -6 17 -3 20 -1 -4 22 -2 -12 -20 -8 27 -7 -9 25 -19 -10 -17 -14 -11
right_child=1 3 6 4 10 16 13 9 26 29 18 -13 28 -15 -16 21 -18 24 19 -21 -22 -23 -24 -25 -26 -27 -28 -29 -30 -31
leaf_value=-0.019016146583215189 0.012494272751190678 -0.0067453639223282779 -0.012292107883450618 0.034703751279782695 0.027670939167081916 0.018564836035236142 0.0029783332600307002 0.0032017942365078441 -0.0010528603368554334 -0.022075759229844182 0.039770845323385602 0.0099029119471689148 0.0065014432900522227 0.04646818183769743 0.010365607107064282 -0.0054163720474715207 0.013743797194412438 -0.01196758340967647 0.03371892587507111 0.089518052456023123 -0.0042754371112684233 -0.016114601668688687 0.0035523787869648094 -0.012394614742584366 0.0022262446485045747 -0.00055798878295933 0.017203387147063817 0.0070857042697661625 0.016706873887013609 -0.010750178362332267
leaf_weight=2279.9733512625098 117.99652625620365 115.51862825453281 996.47704787552357 160.59512858837843 279.06068414449692 106.46797064691782 688.83283640444279 274.33291313052177 58.48711258918047 216.7854840606451 257.70779921859503 389.76751627027988 376.29122643917799 12.299883246421812 30.011683873832226 602.17328477650881 1061.8677858710289 278.54524424672127 25.867181032896042 26.195938363671303 881.24385460466146 139.97333619743586 536.51741683483124 109.00826297700405 715.35326579213142 446.25318921357393 828.45634514093399 145.97029775381088 323.34171701222658 408.46724928170443
leaf_count=24336 1199 1176 10443 1552 2635 1061 7011 2838 589 2307 2436 3912 3741 125 302 6263 10564 2858 241 239 9042 1455 5345 1130 7240 4552 8081 1508 3173 4289
internal_value=-3.84749e-05 0.0114833 -0.0104053 0.0196615 0.0251218 0.00598935 -0.00515277 -0.0158876 0.0188823 -0.00959531 0.0361761 0.00171945 0.00867709 -0.000693668 -0.0186271 -0.00888925 0.010859 -0.000322451 0.0437424 0.0626074 -0.00108545 -0.00505294 0.00606934 -0.00121236 -0.00138487 -0.00496455 0.0159861 -0.00295796 0.0112437 -0.0147106
internal_weight=12889.8 6104.29 6785.55 2451.52 1636.37 3652.77 3466.97 3318.58 1047.54 1008.59 588.832 1947.92 815.152 1582.38 2309.99 1884.59 1704.85 1558.15 309.771 52.0631 1570.08 888.117 642.985 383.341 1440.15 724.798 886.943 748.144 699.633 625.253
internal_count=131643 60594 71049 23863 15773 36731 35847 35202 10222 10564 5551 19761 8090 16178 24638 19669 16970 15849 2916 480 16053 9226 6406 3968 14650 7410 8670 7771 6914 6596
is_linear=0
shrinkage=0.04


Tree=4
num_leaves=31
num_cat=0
split_feature=3 3 3 10 11 11 13 2 16 3 16 2 6 16 16 13 2 10 13 20 2 11 17 11 19 18 20 16 4 2
split_gain=886.358 153.672 115.303 47.5057 38.8875 33.8833 25.2594 22.3426 20.0218 18.8176 18.0501 18.8138 17.8276 17.4665 15.8147 18.2867 15.4805 15.3562 13.4485 13.3602 12.6773 11.9394 11.8171 11.7758 11.1017 10.9789 10.6935 10.5918 11.2645 12.9701
threshold=0.11275 0.19615000000000002 0.055750000000000001 1.4006500000000002 3.1548000000000003 3.4143000000000003 0.68335000000000001 0.10265000000000002 0.17925000000000002 0.23105000000000003 0.14165000000000003 0.051300000000000005 0.46435000000000004 0.21285000000000001 0.18725000000000003 0.58570000000000011 0.19375000000000003 1.2355000000000003 1.1180500000000002 1.0050000000000001 0.087100000000000011 3.8944500000000004 10.315850000000003 3.2361000000000004 0.75000000000000011 3.4670500000000009 1.0600000000000003 0.30685000000000007 0.29285000000000005 0.34165000000000006
decision_type=2 2 2 2 2 2 2 2 2 2 2 2 2 2 2 2 2 2 2 2 2 2 2 2 2 2 2 2 2 2
left_child=2 3 5 -2 -3 16 8 14 12 25 -7 -12 -6 -5 21 19 -1 -17 23 -16 -21 24 26 -8 -4 27 -11 28 -10 -30
right_child=1 4 7 13 6 10 18 -9 9 22 11 -13 -14 -15 15 17 -18 -19 -20 20 -22 -23 -24 -25 -26 -27 -28 -29 29 -31
leaf_value=-0.018538585987074585 -0.00072054360285282628 0.0057758319049707229 -0.0087385060323040744 0.012243371734616534 0.032667037936380247 0.0045286463344920511 0.0018126009928614941 0.0011264335069222906 0.012350069646540751 0.024592026179829571 -0.014357473788793457 0.00011283543586671026 0.012703881924014716 0.0060681218881138725 -0.012177487084113656 -0.01145997498231659 0.0098777500278530057 0.010453781559174717 0.071036098364215317 -0.0096789339646335144 0.0040733854295740765 0.0087592546157468226 0.0054802473590770421 0.033189915953770577 0.0016648910083620499 0.001669420133787446 0 -0.0061969170615704325 0.038103030335406976 0.0010426552149354867
leaf_weight=2245.871755450964 1097.2883187532425 280.02933960407972 371.81342325359583 1410.1524505540729 292.29024317860603 130.15440345555544 21.685270629823208 749.96891128271818 222.50218199193478 558.60707852989435 691.49350849539042 179.37688037008047 98.881799384951591 1554.1952814161777 1245.685102969408 80.959445342421532 30.253800898790359 136.30437441915274 14.323938839137552 260.10733173042536 180.40254266560078 137.43020164966583 68.15528529137373 247.28404916077852 290.30514998733997 143.70435817539692 29.161227874457836 33.156055882573128 66.300897188484669 20.43245904892683
leaf_count=24336 11203 2770 3875 13948 2748 1352 203 7735 2162 5288 7356 1856 951 15413 12990 849 302 1406 131 2717 1871 1399 655 2290 3005 1395 274 323 643 197
internal_value=-3.98471e-05 0.0109249 -0.0100746 0.00637946 0.0197216 -0.0154501 0.0218626 -0.00496778 0.0198025 0.0170849 -0.00928514 -0.0113648 0.027674 0.00901133 -0.00666299 -0.00864741 -0.0181535 0.00222535 0.0329154 -0.0100557 -0.00402149 -0.00192131 0.0215263 0.0307128 -0.00416122 0.0110511 0.0233603 0.0149455 0.0172574 0.029566
internal_weight=12888.3 6158.15 6730.13 4061.64 2096.51 3277.15 1816.48 3452.98 1533.19 1142.02 1001.02 870.87 391.172 2964.35 2703.01 1903.46 2276.13 217.264 283.293 1686.19 440.51 799.549 655.924 268.969 662.119 486.096 587.768 342.392 309.236 86.7334
internal_count=131643 60594 71049 40564 20030 35202 17260 35847 14636 10937 10564 9212 3699 29361 28112 19833 24638 2255 2624 17578 4588 8279 6217 2493 6880 4720 5562 3325 3002 840
is_linear=0
shrinkage=0.04


Tree=5
num_leaves=31
num_cat=0
split_feature=5 2 12 5 22 12 2 12 22 16 5 13 16 5 19 5 7 22 14 5 13 10 5 17 19 14 8 14 13 15
split_gain=694.385 143.803 126.951 58.8058 64.9975 48.1838 39.2001 36.6348 31.7429 24.7412 23.8389 22.5187 20.7975 20.64 18.1259 17.5154 16.5161 15.41 15.4042 14.957 14.5729 13.9405 13.2673 12.9975 13.448 12.9372 12.615 12.3894 12.0239 11.5222
threshold=0.14785000000000001 0.064600000000000005 3.3502000000000005 0.22145000000000004 42.500000000000007 3.4413000000000005 0.17915 3.5016000000000003 53.500000000000007 0.23095000000000002 0.27875000000000005 0.31665000000000004 0.13125000000000003 0.16755000000000003 0.75000000000000011 0.22625000000000003 0.079650000000000012 40.500000000000007 2.7312000000000007 0.09555000000000001 0.29285000000000005 1.4006500000000002 0.073350000000000012 9.1281500000000015 0.75000000000000011 2.5746500000000005 1.1000000000000003 3.1412000000000004 0.29285000000000005 5.3210500000000005
decision_type=2 2 2 2 2 2 2 2 2 2 2 2 2 2 2 2 2 2 2 2 2 2 2 2 2 2 2 2 2 2
left_child=1 5 6 8 11 19 14 -3 -4 13 -6 -5 28 -10 26 -13 -11 -16 -18 -1 -12 -8 -14 -9 -25 -15 -2 -20 -7 -28
right_child=2 7 3 4 10 12 21 23 9 16 20 15 22 25 17 -17 18 -19 27 -21 -22 -23 -24 24 -26 -27 29 -29 -30 -31
leaf_value=-0.018423234075721766 -0.018077734143323351 -0.0055849537160043705 0.0050365888498442 0.0030386452842628589 0.026056883144480705 -0.003551856657153101 -0.00036432085377793112 0.00075600652557173645 0.0099975997562971007 -0.016935448179585744 0.0088828116753840777 0.059331894741887638 -0.015267921195427154 0.03674904852377292 -0.0066675690023770421 0.016760602827879941 -7.8349206280097351e-05 0.0070792993061554376 0.024898922621635334 -0.012125062042005575 0.050131479830121811 0.012750148845930722 -0.0062143083332062785 0.0039056519037072184 0.019075580781006799 0.019049002579984181 -0.0099756625090343318 0.0099213575857288582 0.021463404433280039 0.0083853671149412678
leaf_weight=1844.2066462263465 196.46406403928995 1539.5729461684823 1040.5170017927885 267.80224756896496 451.68813339620829 62.265978872776031 190.3351466357708 812.27188918739557 454.97478447854519 39.001187600195408 16.529470838606358 16.401811122894287 361.73374918103218 74.187210246920586 249.82099145650864 248.33005110919476 202.26328834146261 271.74028797447681 108.58684992045164 925.5372110158205 121.392602622509 394.89941938966513 946.27296203374863 256.44575084000826 149.44744969159365 801.1981999874115 186.17688366025686 515.84526406228542 58.731467828154564 76.247910670936108
leaf_count=20272 2038 16103 10241 2594 4139 642 1934 8258 4486 386 150 156 3895 715 2599 2342 1980 2766 1062 9934 1058 3859 9861 2591 1510 7678 1926 5029 605 784
internal_value=-1.20474e-05 -0.00858336 0.0100503 0.0135594 0.0214611 -0.0132441 0.000272499 -0.00148171 0.0108132 0.013543 0.0306189 0.01128 -0.00725967 0.0169769 -0.00460889 0.0195503 0.0082454 0.000471665 0.00945738 -0.0163255 0.0453246 0.00846779 -0.00873216 0.00369448 0.00953725 0.0205829 -0.0104037 0.012563 0.00853 -0.0045894
internal_weight=12880.9 6956.49 5924.4 4358.72 1122.14 4198.75 1565.68 2757.74 3236.57 2196.06 589.61 532.534 1429 1330.36 980.45 264.732 865.697 521.561 826.695 2769.74 137.922 585.235 1308.01 1218.17 405.893 875.385 458.889 624.432 120.997 262.425
internal_count=131593 73671 57922 42016 10439 45209 15906 28462 31577 21336 5347 5092 15003 12879 10113 2498 8457 5365 8071 30206 1208 5793 13756 12359 4101 8393 4748 6091 1247 2710
is_linear=0
shrinkage=0.04


Tree=6
num_leaves=31
num_cat=0
split_feature=3 3 3 12 12 12 13 11 16 2 16 3 6 6 6 12 14 18 17 2 12 18 17 16 14 12 17 19 12 16
split_gain=694.376 148.801 109.593 53.4982 40.9563 40.8669 28.635 28.2785 26.7259 19.5986 15.6712 16.4145 16.3822 15.5149 15.2688 17.5361 15.1377 14.9004 18.1804 13.0718 12.6879 12.5295 12.3827 12.2855 12.1303 13.2659 11.8818 13.2354 13.9231 20.6236
threshold=0.12540000000000004 0.058600000000000006 0.22260000000000005 3.4448000000000003 3.4708000000000006 3.2310500000000002 0.35415000000000002 3.3166500000000005 0.13975000000000001 0.14645000000000002 0.21285000000000001 0.17510000000000001 0.42545000000000005 0.22405000000000003 0.46725000000000005 3.9698000000000007 9.0328500000000016 3.4188500000000004 7.2525500000000012 0.39445000000000008 3.5559500000000006 4.0539000000000014 10.289700000000002 0.12895000000000004 2.6694500000000008 4.0031500000000007 9.5014000000000021 0.75000000000000011 3.7709000000000006 0.19515000000000002
decision_type=2 2 2 2 2 2 2 2 2 2 2 2 2 2 2 2 2 2 2 2 2 2 2 2 2 2 2 2 2 2
left_child=1 7 5 -3 -4 16 14 -1 -9 23 11 20 -13 -10 15 19 -2 18 -8 21 -7 -6 -20 -5 -12 -26 -11 -28 -29 -30
right_child=2 3 4 9 6 10 17 8 13 26 24 12 -14 -15 -16 -17 -18 -19 22 -21 -22 -23 -24 -25 25 -27 27 28 29 -31
leaf_value=-0.017114562308083964 -0.0021637624634307344 -0.0072558707405105125 0.0088454842511687289 0.014694156617385854 0.026943442062918495 0.0015578653240681179 0.020686124004820287 0.0066810881711462239 -0.0014114942562404018 0.0044951573806755636 0.00030823937476338393 0.021266358143258217 0.005112269335699973 -0.013941619420937062 0.0057595370370488444 -0.00081642617263725354 0.04453635581921072 0.020811034906245581 0.043730399452693539 0.051186635365567446 0.011862464301900385 0.0012797460637133391 0.022384864504504134 -0.0015682050400070114 0.0071596050834352486 0.020456044986893081 0.0078394472982680225 0.014866068828341177 0.020194719656668504 0.093767792214814447
leaf_weight=2084.9153506457806 671.24876581132412 2189.4443554133177 362.58971057087183 77.998934626579285 175.32721722126007 265.15228737145662 116.96333076804876 144.88966827839613 197.25970033556223 411.72262158989906 373.10685640573502 450.13122890889645 132.44337986409664 845.93621041625738 144.16056010127068 45.013143979012966 10.777062825858591 198.7024635002017 242.6560485213995 29.702920190989971 713.57870975136757 38.073693260550499 58.214478269219398 1376.4433925673366 1234.8762265220284 134.1414133310318 92.678233213722706 35.025326207280159 14.342840962111952 11.383190870285032
leaf_count=23175 6836 23152 3475 783 1611 2622 1058 1507 2111 4159 3655 4236 1245 9146 1366 423 108 1777 2154 267 6921 351 520 14087 12014 1303 928 349 141 113
internal_value=-1.39478e-05 -0.00790288 0.0109205 -0.00292436 0.0205025 0.00752202 0.0245149 -0.0143001 -0.00934595 0.00176613 0.0093627 0.0122829 0.017622 -0.0115856 0.0165276 0.0218545 -0.00137616 0.0300778 0.0344258 0.0260946 0.00908528 0.0224345 0.0396841 -0.000683088 0.00673593 0.00847819 0.00808554 0.0175963 0.0320994 0.0543737
internal_weight=12878.9 7482.04 5396.86 4209.04 1411.4 3985.46 1048.81 3273 1188.09 2019.59 3303.43 1561.31 582.575 1043.2 432.278 288.117 682.026 616.536 417.834 243.104 978.731 213.401 300.871 1454.44 1742.12 1369.02 565.152 153.43 60.7514 25.726
internal_count=131593 79651 51942 43712 13002 38940 9527 35939 12764 20560 31996 15024 5481 11257 4018 2652 6944 5509 3732 2229 9543 1962 2674 14870 16972 13317 5690 1531 603 254
is_linear=0
shrinkage=0.04


Tree=7
num_leaves=31
num_cat=0
split_feature=3 3 3 12 12 11 12 3 16 2 16 18 17 2 16 16 12 9 12 2 19 9 7 16 6 10 10 14 12 10
split_gain=638.657 131.376 93.6877 68.6688 36.4892 28.4516 25.0617 23.4867 19.3369 17.4711 16.7469 16.6574 16.8254 15.1364 14.2952 13.1067 13.039 15.616 12.9171 12.4606 11.8772 11.7939 11.1496 15.9945 10.885 10.5964 11.0414 10.4254 10.4082 10.378
threshold=0.1082 0.22260000000000005 0.055750000000000001 3.2226000000000004 3.5098500000000006 3.4143000000000003 3.4448000000000003 0.14465000000000003 0.13975000000000001 0.051300000000000005 0.21335000000000001 3.4188500000000004 7.2525500000000012 0.19375000000000003 0.12895000000000004 0.15495000000000003 3.6559500000000003 2.8819500000000002 4.0031500000000007 0.14645000000000002 0.75000000000000011 3.1833500000000003 0.083850000000000022 0.24010000000000001 0.42675000000000007 1.6893500000000004 1.2355000000000003 4.511400000000001 2.8578500000000004 1.4590500000000002
decision_type=2 2 2 2 2 2 2 2 2 2 2 2 2 2 2 2 2 2 2 2 2 2 2 2 2 2 2 2 2 2
left_child=2 3 5 20 19 13 -4 16 -7 -10 24 12 -6 -1 -8 -13 27 25 -14 -3 28 -12 -22 -24 -9 26 -18 29 -2 -5
right_child=1 4 6 7 11 8 14 10 9 -11 21 15 18 -15 -16 -17 17 -19 -20 -21 22 -23 23 -25 -26 -27 -28 -29 -30 -31
leaf_value=-0.016942862821243528 -0.017674672145173834 -0.012662226957855911 -0.0074746464739412315 0.0020111971477941412 0.016924270913443198 0.0062239767169474745 0.016973497175838979 0.015725818121930885 -0.013419370933370041 0.0006921714518719949 0.0067537806783713504 0.03592580034997727 0.033162034066123745 0.01158203264826355 -0.0012062107098914005 0.012623010507428003 -0.017868687634085969 0.045430457907334076 0.0096660864912017277 0.011613708110838519 -0.0074765714528569486 0.035985328063728013 0.010357504171187032 -0.007504254075725616 0.0055429108456031637 0.00042708015509247867 0.010935884712697295 0.0066561437040997288 -0.0044078312282729475 -0.0094585037297066198
leaf_weight=2156.9550980627537 137.91405111551285 36.162726745009422 1711.6708133667707 299.46800284832716 192.85809078812599 126.42607286572456 72.486778274178505 964.36800069361925 669.40418586879969 175.51185688376427 1264.4875800684094 45.551112785935402 444.92195335775614 29.351800478994846 1328.3172823637724 280.00866961479187 21.356816217303276 16.797125920653343 43.042116552591324 390.46733568608761 194.17874629795551 22.219951562583447 240.358901001513 119.08660183101892 208.98309169709682 280.79800341278315 581.09543526917696 293.58952800184488 312.5539935529232 215.98940148204565
leaf_count=24336 1443 354 18310 3052 1745 1299 723 9119 7342 1830 12188 405 3905 295 13648 2515 214 161 396 3682 2017 210 2441 1222 1971 2737 5708 2946 3222 2157
internal_value=-1.48829e-05 0.00866262 -0.00915945 0.00568945 0.0193818 -0.014015 -0.00422807 0.00795182 -0.00828723 -0.0104752 0.0104576 0.0235457 0.0271361 -0.0165519 -0.000251189 0.0159703 0.00433599 0.00764831 0.0311261 0.00951548 -0.0036916 0.00728168 0.000212514 0.00440425 0.0139255 0.00689091 0.0098809 0.00063385 -0.00851127 -0.00277614
internal_weight=12876.4 6606.26 6270.12 5173.25 1433.01 3157.65 3112.47 4169.15 971.342 844.916 2460.06 1006.38 680.822 2186.31 1400.8 325.56 1709.09 900.047 487.964 426.63 1004.09 1286.71 553.624 359.446 1173.35 883.25 602.452 809.047 450.468 515.457
internal_count=131593 63810 67783 50808 13002 35102 32681 40463 10471 9172 23488 8966 6046 24631 14371 2920 16975 8820 4301 4036 10345 12398 5680 3663 11090 8659 5922 8155 4665 5209
is_linear=0
shrinkage=0.04


Tree=8
num_leaves=31
num_cat=0
split_feature=3 3 3 22 12 22 11 12 7 22 20 10 18 16 16 18 2 16 12 16 8 20 18 14 5 3 14 16 20 16
split_gain=588.991 118.037 88.3205 81.1384 62.8384 28.1889 27.0729 23.3227 18.9292 18.9238 18.858 21.8339 19.1534 16.7811 15.1136 14.4825 14.217 13.3153 11.9326 11.6255 11.5717 13.8492 12.6739 11.3293 11.551 11.29 11.19 12.6719 10.9553 13.9014
threshold=0.1082 0.22260000000000005 0.055750000000000001 30.500000000000004 3.2226000000000004 53.500000000000007 3.4143000000000003 3.4448000000000003 0.087550000000000003 12.500000000000002 0.9850000000000001 2.3047000000000004 3.3980000000000006 0.16475000000000004 1.0000000180025095e-35 3.4812000000000007 0.19375000000000003 0.20665000000000003 2.8578500000000004 0.24895000000000003 1.5500000000000003 0.97500000000000009 3.9761000000000002 4.1597500000000016 0.13175000000000003 0.12735000000000005 4.6880500000000014 0.1203 0.9850000000000001 0.14165000000000003
decision_type=2 2 2 2 2 2 2 2 2 2 2 2 2 2 2 2 2 2 2 2 2 2 2 2 2 2 2 2 2 2
left_child=2 4 6 18 23 25 16 -4 26 15 -5 13 -13 -12 -10 -8 -1 -9 -3 -16 -21 -22 -23 -2 -25 -6 -7 -28 -11 -30
right_child=1 3 7 10 5 8 9 17 14 28 11 12 -14 -15 19 -17 -18 -19 -20 20 21 22 -24 24 -26 -27 27 -29 29 -31
leaf_value=-0.016493239365187311 -0.0075187168735739553 -0.010157588188346906 -0.0072192216744354889 0.021059966229143502 -0.0037301143298516101 0.0018760771555024151 0.0039869839622924327 0.0041225116613277518 0.044126569107049457 -0.016315292246923609 0.049654009665331844 0.070149441958343758 0.020063131973460227 0.024007998950825619 0.013743063289530724 -0.013583673094901974 0.011026740737080548 -0.0037254296664732847 0.0086833856287760382 -9.8126428273600085e-05 0.0038634067239879844 0.016333852876312203 0.053402364951668099 -0.014775916189923716 0.0035234242454788051 0.0048766615018649671 0.051956906777758285 0.0096817595270424685 0.030130484413758724 -0.007914803701484242
leaf_weight=2127.7407017126679 536.28261716663837 58.942801743745804 1701.5695525184274 513.85944054275751 311.20854768902063 592.27120358496904 267.86134391278028 620.26798170804977 23.237218305468559 394.09236864000559 50.872375302016735 42.339772686362267 18.874482728540897 244.89266867190599 1348.7914756089449 103.56595247238874 29.616350598633289 780.24081982672215 523.88948024064302 226.69278086721897 163.82883489131927 119.57684118300676 17.02036839723587 63.378319315612316 401.55943072587252 1100.9190866053104 11.531053133308886 279.36830981075764 16.185104712843895 183.21668843924999
leaf_count=24336 5574 592 18310 4461 3138 5847 2808 6289 215 4354 432 341 156 2131 12719 1109 295 8082 4889 2189 1571 1145 163 669 4102 10633 111 2732 169 2031
internal_value=-1.62124e-05 0.00826047 -0.00885988 0.0183377 0.00543719 0.00758715 -0.0136104 -0.00407309 0.00992489 -0.00800986 0.0260708 0.0332107 0.0551882 0.028536 0.0121793 -0.000891694 -0.0161074 -0.000240878 0.00675032 0.0117655 0.00667437 0.0118162 0.0212181 -0.00355703 0.000989961 0.00297073 0.00505935 0.011485 -0.0124399 -0.00469906
internal_weight=12873.7 6649.34 6224.36 1453.67 5195.67 4194.45 3122.28 3102.08 2782.32 964.921 870.839 356.979 61.2143 295.765 1899.15 371.427 2157.36 1400.51 582.832 1875.91 527.119 300.426 136.597 1001.22 464.938 1412.13 883.171 290.899 593.494 199.402
internal_count=131593 63810 67783 13002 50808 40463 35102 32681 26692 10471 7521 3060 497 2563 18002 3917 24631 14371 5481 17787 5068 2879 1308 10345 4771 13771 8690 2843 6554 2200
is_linear=0
shrinkage=0.04


Tree=9
num_leaves=31
num_cat=0
split_feature=3 3 3 22 12 22 2 16 12 7 20 10 18 22 16 16 16 22 15 3 12 15 15 16 14 3 14 16 22 16
split_gain=543.306 106.22 83.218 72.0336 57.5125 25.5801 21.7968 27.8524 20.9332 17.0715 16.3904 18.5246 15.8274 15.7024 14.3265 13.7457 13.2437 11.8754 11.2973 11.052 10.963 10.8913 19.0589 10.4336 10.4043 10.3744 10.1725 11.0843 10.0091 9.96285
threshold=0.1082 0.22260000000000005 0.058600000000000006 30.500000000000004 3.2226000000000004 53.500000000000007 0.051300000000000005 0.14585000000000004 3.4448000000000003 0.087550000000000003 0.9850000000000001 2.3047000000000004 3.3980000000000006 52.500000000000007 0.16475000000000004 0.12895000000000004 1.0000000180025095e-35 3.5000000000000004 7.5666000000000002 0.030950000000000002 2.8578500000000004 1.2587500000000003 2.0870000000000006 0.24895000000000003 4.2539500000000006 0.12735000000000005 4.6880500000000014 0.1203 2.5000000000000004 0.22825000000000004
decision_type=2 2 2 2 2 2 2 2 2 2 2 2 2 2 2 2 2 2 2 2 2 2 2 2 2 2 2 2 2 2
left_child=2 4 6 20 18 25 7 17 29 26 21 14 24 -8 -12 -10 -11 28 -2 -9 -3 -5 -23 -18 -13 -6 -7 -28 -1 -4
right_child=1 3 8 10 5 9 13 19 15 16 11 12 -14 -15 -16 -17 23 -19 -20 -21 -22 22 -24 -25 -26 -27 27 -29 -30 -31
leaf_value=0.0006806741448938862 -0.0046688409801495297 -0.0098328920845408268 -0.00420054961435501 0.047442795153649804 -0.0035917411254077773 0.001798443034161764 -0.00024333524691553233 -0.017899737699734655 0.016708471500769994 0.041022049207962673 0.045992018059341618 0.048487541776503003 0.019008138356374639 -0.016383920693972324 0.022640794921171058 -0.0011081758802555482 0.01305420928248837 -0.0082656697108232698 0.011168910992111028 -0.0119549880455851 0.0082808556590911707 -0.009742292936166172 0.020740769538623392 0.0063764721108543069 0.093446626166833427 0.0046639036252420166 0.048072534934433094 0.0092250655445567896 0.031202411940880193 -0.010558081267721637
leaf_weight=68.581473663449287 921.11854274570942 58.479694724082947 959.54854130744934 22.258282005786896 310.30803218483925 593.12822402268648 327.32357319444418 1609.8210470750928 72.670528717339039 24.01708098500967 52.725950822234154 30.140268623828888 19.147177591919899 137.16251965612173 249.23201962560415 1299.9357210099697 1362.8965886384249 243.70206168293953 77.315978072583675 756.3482566550374 527.33349993824959 34.465122729539871 465.10897821933031 529.7836354970932 14.32915213704109 1105.0319800078869 11.994697920978068 281.45176310837269 22.843606911599636 682.36407013982534
leaf_count=742 9560 592 10361 192 3138 5847 3527 18551 713 215 432 234 156 1504 2131 13369 12719 2719 785 8649 4889 297 3972 5068 107 10633 111 2732 247 7401
internal_value=-1.71902e-05 0.00788049 -0.00856843 0.017367 0.00519792 0.00724185 -0.0130989 -0.0144776 -0.00380529 0.0094567 0.0245556 0.0311274 0.0509831 -0.00504794 0.0268272 -0.000150421 0.0115842 -0.00363229 -0.00342542 -0.0160075 0.00644531 0.0199034 0.0186061 0.0111935 0.0641193 0.00284478 0.00483982 0.0109329 0.00856566 -0.0068524
internal_weight=12870.6 6690.27 6180.3 1473.22 5217.05 4218.61 3165.78 2701.3 3014.52 2803.27 887.407 365.575 63.6166 464.486 301.958 1372.61 1916.7 335.127 998.435 2366.17 585.813 521.832 499.574 1892.68 44.4694 1415.34 886.575 293.446 91.4251 1641.91
internal_count=131593 63810 67783 13002 50808 40463 35939 30908 31844 26692 7521 3060 497 5031 2563 14082 18002 3708 10345 27200 5481 4461 4269 17787 341 13771 8690 2843 989 17762
is_linear=0
shrinkage=0.04


Tree=10
num_leaves=31
num_cat=0
split_feature=3 3 3 22 3 12 13 12 16 12 16 21 12 3 7 12 12 19 18 7 13 16 6 22 14 9 5 8 5 14
split_gain=539.706 95.9327 85.9996 60.9087 36.9023 33.9198 28.8525 20.7162 19.3983 18.9982 18.8515 17.453 17.3786 17.1415 13.9935 13.106 12.8004 13.9394 11.9307 11.6662 13.7268 11.6291 11.5809 11.5303 11.5868 11.3142 15.932 13.1961 13.1982 11.5469
threshold=0.11275 0.18210000000000001 0.055750000000000001 29.500000000000004 0.22745000000000001 3.6559500000000003 0.61250000000000016 3.0939000000000001 0.23155000000000003 3.3731500000000003 0.17925000000000002 72.500000000000014 3.4764000000000004 0.16140000000000002 0.095450000000000021 3.3344500000000004 3.5098500000000006 0.75000000000000011 3.7134000000000005 0.094150000000000025 0.18335000000000004 0.14165000000000003 0.34475000000000006 26.500000000000004 3.5614500000000002 1.6833500000000001 0.16005000000000003 2.5500000000000003 0.17895000000000003 5.9621000000000004
decision_type=2 2 2 2 2 2 2 2 2 2 2 2 2 2 2 2 2 2 2 2 2 2 2 2 2 2 2 2 2 2
left_child=2 5 6 7 10 13 9 -3 16 11 22 -1 15 21 -14 18 17 -4 -6 -15 -21 -2 -5 -7 -25 29 -27 28 -28 -10
right_child=1 3 8 4 12 23 -8 -9 25 -11 -12 -13 14 19 -16 -17 -18 -19 -20 20 -22 -23 -24 24 -26 26 27 -29 -30 -31
leaf_value=-0.017070930181282185 0.010272771054550779 -0.0077519021374600674 -0.0081641786827468948 0.049014061144952326 0.03354917119731881 -0.0010669091826029436 0.0034273221547705185 0.0080741869017267893 -0.010716192200967298 -0.0092712456680017503 0.0093926808110767687 0.0012704440022047339 -0.0031723206217279007 -0.001122217639696389 0.027677460200830541 -0.00067351459639817407 0.002217029604606523 0.00033266758023698647 -0.010394035170299245 -0.0058317726619458192 0.01723887686263318 -0.0024954460902554482 0.019267901891278055 0.0046606622560232567 0.011806148016901058 -0.0045130008522188628 0.033565873909036904 0.062271555934783528 -0.018231883912743697 0.0076364814465173193
leaf_weight=1897.0371715724468 123.05590549856424 163.35395766794682 648.63095455616713 23.688216604292393 46.965056553483009 196.6804433465004 157.90010768175125 676.10493884980679 967.20902731269598 920.16188930720091 725.24314914643764 85.467838913202286 23.53590702265501 150.94332285225391 689.47448317706585 72.402693256735802 862.32097423821688 584.3772199973464 11.749195143580435 50.10070376098156 211.24512983858585 1459.9683882668614 222.68323855102062 587.02782242000103 985.90314398705959 237.78981313854456 15.96562308073044 9.676592215895651 14.34214813262224 57.028427049517632
leaf_count=22179 1217 1640 7050 218 420 1915 1788 6268 10385 10230 6720 954 202 1487 5657 628 8754 6230 105 490 2039 14754 1963 5609 9280 2498 167 100 150 608
internal_value=-0.000123895 0.00808758 -0.00828918 0.0139111 0.0180323 0.00397604 -0.0131537 0.00497745 -0.00390207 -0.0140602 0.0126801 -0.016274 0.0241674 0.000393797 0.0266408 0.0105761 -0.00151165 -0.00412892 0.0245396 0.00765816 0.0127677 -0.0014924 0.02227 0.00800713 0.00914936 -0.0077377 -0.000530438 0.022621 0.00876671 -0.0096794
internal_weight=12878 6420.13 6457.91 2655.2 1815.74 3764.92 3060.57 839.459 3397.34 2902.67 971.615 1982.51 844.127 1995.31 713.01 131.117 2095.33 1233.01 58.7143 412.289 261.346 1583.02 246.371 1769.61 1572.93 1302.01 277.774 39.9844 30.3078 1024.24
internal_count=131705 60612 71093 23821 15913 36791 35151 7908 35942 33363 8901 23133 7012 19987 5859 1153 22034 13280 525 4016 2529 15971 2181 16804 14889 13908 2915 417 317 10993
is_linear=0
shrinkage=0.04


Tree=11
num_leaves=31
num_cat=0
split_feature=3 3 3 22 12 13 3 22 2 2 16 20 16 12 3 16 13 17 3 16 4 13 14 12 8 5 12 16 22 16
split_gain=497.663 86.7103 80.9517 55.5298 30.9646 27.1262 24.8973 21.7395 21.1801 18.5067 18.2377 17.7574 17.1319 17.0351 15.7025 15.3294 14.2566 12.2496 15.3992 12.4024 11.9064 11.4574 15.9265 10.968 10.8858 11.4093 12.9369 10.6895 10.5011 11.037
threshold=0.11275 0.18210000000000001 0.055750000000000001 16.500000000000004 3.6559500000000003 0.61250000000000016 0.22745000000000001 62.500000000000007 0.051300000000000005 0.10265000000000002 0.14735000000000001 0.9850000000000001 0.17735000000000004 3.0939000000000001 0.16140000000000002 0.17925000000000002 0.58570000000000011 7.347500000000001 0.27300000000000008 0.15400000000000003 0.18335000000000004 0.68335000000000001 2.1009000000000007 3.4764000000000004 0.36665000000000009 0.20325000000000001 3.2448000000000001 0.14475000000000002 26.500000000000004 0.12360000000000002
decision_type=2 2 2 2 2 2 2 2 2 2 2 2 2 2 2 2 2 2 2 2 2 2 2 2 2 2 2 2 2 2
left_child=2 4 5 13 14 8 15 21 10 12 -1 23 -4 -3 27 -5 -14 -13 19 -19 -16 22 -8 -9 -17 26 -26 -2 -6 -30
right_child=1 3 9 6 28 -7 7 11 -10 -11 -12 17 16 -15 20 24 -18 18 -20 -21 -22 -23 -24 -25 25 -27 -28 -29 29 -31
leaf_value=-0.0058802432930792486 0.0090266869577718227 -0.011198282530849908 0.00051030956931525349 0.019920011667121089 -0.0010251955404577857 0.0032814575825277324 0.037777462577914603 -0.0039150216598108538 -0.005188944809724442 0.0017968058429039179 -0.016367798551257719 0.017822499266002725 -0.008308079908710183 0.0056286577306528477 0.00071615435535516195 -0.015395055259647922 0.0021759518258726682 0.065189632133895753 0.053294153869883995 0.023107294319889178 0.014336048797291225 0.028001351088498327 0.0091835047459977864 0.022009993920290488 -0.010268429554591599 0.0048446664123091513 0.016466753220253028 -0.0024719701616345759 0.025274551155216544 0.0080293590455850269
leaf_weight=307.73098084330559 141.31226467341185 124.72619065642357 613.32582245022058 285.85670541226864 196.51944247633219 158.33530142903328 33.976084880530834 27.85347505658865 410.23442726582289 745.04716273397207 2151.8586686849594 57.948930688202381 1795.9828008711338 413.09201005846262 215.28181247413158 27.245382532477379 232.44611495733261 13.130724638700483 77.74333717674017 89.029883205890656 199.4488702788949 83.856422133743763 376.79634979367256 273.68548365682364 30.379277542233467 376.40973605960608 390.52647952735424 1439.8610121831298 62.190433703362942 1521.6774573102593
leaf_count=3462 1391 1263 6433 2513 1915 1788 298 244 4514 7752 25387 473 19301 3812 2089 258 2456 102 585 725 1927 696 3266 2222 305 3456 3603 14580 569 14320
internal_value=-0.000120826 0.007716 -0.00801275 0.0132166 0.0038046 -0.012766 0.0160989 0.0205837 -0.013656 -0.00375803 -0.015062 0.0261697 -0.00532924 0.00169723 0.000376965 0.0119045 -0.00710052 0.0344237 0.0396404 0.0289242 0.0073044 0.0144476 0.0116208 0.019573 0.0091008 0.00996202 0.0144987 -0.0014342 0.00763922 0.00872183
internal_weight=12873.5 6458.55 6414.96 2682.26 3776.29 3028.16 2144.44 1034.02 2869.82 3386.8 2459.59 539.392 2641.75 537.818 1995.9 1110.42 2028.43 237.853 179.904 102.161 414.731 494.629 410.772 301.539 824.561 797.315 420.906 1581.17 1780.39 1583.87
internal_count=131705 60612 71093 23821 36791 35151 18746 8611 33363 35942 28849 4351 28190 5075 19987 10135 21757 1885 1412 827 4016 4260 3564 2466 7622 7364 3908 15971 16804 14889
is_linear=0
shrinkage=0.04


Tree=12
num_leaves=31
num_cat=0
split_feature=3 3 3 22 11 12 22 11 3 22 2 20 3 5 12 15 2 4 7 17 2 18 9 2 3 22 20 22 17 11
split_gain=459.01 78.4849 76.1643 50.0406 33.3252 28.2738 24.5757 23.0778 22.2055 19.22 17.1589 15.1917 14.4037 12.3171 11.4082 14.5939 11.1834 10.7795 12.685 10.0238 9.95365 9.94018 13.8528 10.2483 16.5464 11.3983 9.92247 9.87909 15.3269 13.1192
threshold=0.11275 0.18210000000000001 0.055750000000000001 16.500000000000004 3.1180500000000007 3.6559500000000003 19.500000000000004 2.9500000000000006 0.22745000000000001 60.500000000000007 0.10265000000000002 0.95500000000000007 0.16140000000000002 0.20435000000000003 3.3564500000000002 11.266800000000002 0.19375000000000003 0.18335000000000004 0.094150000000000025 1.0000000180025095e-35 0.095450000000000021 3.3980000000000006 2.4722000000000004 0.24265000000000003 0.27300000000000008 78.500000000000014 0.96500000000000008 84.500000000000014 11.783750000000003 3.2678500000000006
decision_type=2 2 2 2 2 2 2 2 2 2 2 2 2 2 2 2 2 2 2 2 2 2 2 2 2 2 2 2 2 2
left_child=2 5 4 7 -1 12 16 -3 13 -10 14 -11 27 -5 -4 -16 19 -14 -19 -6 -15 23 -23 24 25 -13 -20 28 -2 -30
right_child=1 3 10 8 6 -7 -8 -9 9 11 -12 21 17 20 15 -17 -18 18 26 -21 -22 22 -24 -25 -26 -27 -28 -29 29 -31
leaf_value=-0.016428865520492063 -0.004834601559399963 -0.017255617588073799 -0.0078235164748252164 0.015100532759075734 0.011121269627763872 0.0072906369783781993 -0.012695375927069333 0.0052634366156455691 0.01354694443162228 0.013394147784838873 0.0017225046133380842 0.065966711966436969 0.00068719053167374394 -0.022138021435018227 -0.0029535341913583296 0.039884379435151919 0.015534066717560248 -0.00041755400409431163 0.032964670903575126 -0.0055444391212118669 0.0077096798109181266 0.0097974036224381233 0.038441025348397176 0.027581091295175025 0.080225232482794798 0.025214014604237587 0.010684514133763194 0.0031630741324734212 -0.0030110212127635824 0.031909378395012872
leaf_weight=1564.9421185553074 998.47016774863005 86.15923660248518 1291.9180275797844 620.96422169357538 63.948675654828548 1790.6973508670926 787.87333726882935 452.32793717831373 484.0765643119812 150.10211183130741 746.09741174429655 14.863427281379698 215.39991430938244 17.899642050266266 1326.3751342892647 12.315478347241877 51.907842583954334 67.154092982411385 59.2880504950881 528.27461844682693 481.43875493109226 88.59537747502327 39.867650151252747 203.18771196901798 17.132998891174793 51.264575600624084 75.201316863298416 513.83359105885029 32.699063070118427 34.389748856425285
leaf_count=18774 10209 890 14234 5629 660 16804 9185 4185 4133 1224 7752 121 2089 163 13835 121 529 654 560 6003 4343 709 314 1569 130 411 713 5093 331 338
internal_value=-0.000117282 0.00736505 -0.00774395 0.0125663 -0.0123866 0.0036417 -0.00795641 0.00162541 0.0152755 0.0194758 -0.00361869 0.0245177 0.000361774 0.0113247 -0.00513817 -0.00253574 -0.00213595 0.00697374 0.0136115 -0.00371676 0.00659466 0.0284919 0.0188944 0.0327139 0.0448571 0.0349803 0.0206811 -0.0013782 -0.0035798 0.0148153
internal_weight=12868.7 6495.01 6373.65 2707.88 2996.95 3787.13 1432 538.487 2169.39 1049.09 3376.71 565.014 1996.44 1120.3 2630.61 1338.69 644.131 417.043 201.643 592.223 499.338 414.912 128.463 286.449 83.261 66.128 134.489 1579.39 1065.56 67.0888
internal_count=131705 60612 71093 23821 35151 36791 16377 5075 18746 8611 35942 4478 19987 10135 28190 13956 7192 4016 1927 6663 4506 3254 1023 2231 662 532 1273 15971 10878 669
is_linear=0
shrinkage=0.04


Tree=13
num_leaves=31
num_cat=0
split_feature=5 12 11 5 22 5 6 1 19 1 4 19 16 19 9 22 5 16 4 8 12 6 5 5 17 16 14 5 6 12
split_gain=384.373 82.3413 70.3345 40.4914 28.4516 26.0789 25.3366 21.9394 20.6054 18.4437 18.3586 14.8737 14.6968 13.6 13.5422 14.5104 15.472 13.3356 13.5637 12.9372 12.599 12.2595 15.1243 12.1671 12.1156 11.4327 11.8029 13.5181 11.2707 12.0941
threshold=0.14135000000000003 3.2661500000000001 3.1180500000000007 0.18055000000000002 57.500000000000007 0.093850000000000003 0.48815000000000003 1.0000000180025095e-35 0.75000000000000011 0.47220000000000006 0.11805000000000002 -1.0000000180025095e-35 0.24075000000000002 0.75000000000000011 0.89445000000000008 8.5000000000000018 0.16665000000000002 0.20725000000000002 0.47220000000000006 1.3666500000000001 2.8578500000000004 0.24785000000000004 0.081450000000000009 0.084750000000000006 8.3026500000000016 0.17265000000000003 5.284650000000001 0.22465000000000004 0.26925000000000004 3.6518500000000005
decision_type=2 2 2 2 2 2 2 2 2 2 2 2 2 2 2 2 2 2 2 2 2 2 2 2 2 2 2 2 2 2
left_child=2 8 5 9 10 -1 17 21 20 28 -5 -8 14 -7 -10 -16 -17 18 -6 -19 -2 23 -23 -4 -13 26 27 -22 -3 -30
right_child=1 3 7 4 6 13 11 -9 12 -11 -12 24 -14 -15 15 16 -18 19 -20 -21 25 22 -24 -25 -26 -27 -28 -29 29 -31
leaf_value=-0.016015367327253009 -0.01537495325526941 0.037208318970285863 -0.0020716864554287278 0.00078393823041481318 0.01720148544655031 -0.012005892276155075 0.016406609287837878 -0.00068146823167969741 -0.0080206308527113381 0.038039481866761767 0.010689371023304832 0.027649768959437326 -0.0055653977242281069 -0.0030764343573344141 -0.011415482913016925 0.0016264848542420127 0.017993296349959127 0.0032586864679316481 0.049154121981178335 0.013903924788028715 0.032199229036621743 -0.014870577614526646 -0.0058311894753525148 0.026846544998783424 0.066735482666063578 -0.006667020916179222 -0.0078842843473427311 -0.014538948874865999 0.00047442479489221079 0.006496532792293723
leaf_weight=1439.6384221017361 208.69434643536806 16.130242146551609 279.74793406575918 444.53166541457176 658.03938742727041 584.19695792347193 42.117999605834484 1828.6673551723361 88.50079096108675 25.846965171396732 934.26415899395943 26.782089963555336 251.88568509370089 520.95323142409325 48.404169976711273 153.91412564367056 237.82026352733374 262.63873887062073 22.099209047853947 627.69444150477648 41.134208150207996 423.40629573911428 1015.3064812943339 24.877301499247551 29.16889414191246 355.89007990807295 36.976893462240696 12.267690517008303 903.93698138743639 1318.1784813255072
leaf_count=17329 2265 159 3208 4147 5568 6539 316 19259 928 232 8311 202 2628 5765 507 1610 2364 2324 177 5472 425 4940 11014 276 208 3673 372 117 8940 12430
internal_value=-0.000113624 0.00646878 -0.00737602 0.00876629 0.0117792 -0.0124592 0.0152999 -0.00375 -0.00202393 0.00470413 0.00750594 0.0350772 0.00235407 -0.00781081 0.0061519 0.00903474 0.0116036 0.0140464 0.0182927 0.0107808 -0.00725736 -0.00696073 -0.00850402 0.000290723 0.0486495 -0.00342141 0.00919337 0.0212045 0.00430541 0.00405285
internal_weight=12863.7 6746.92 6116.79 5311.43 3047.34 2544.79 1668.54 3572.01 1435.49 2264.09 1378.8 98.069 780.525 1105.15 528.639 440.139 391.734 1570.47 680.139 890.333 654.963 1743.34 1438.71 304.625 55.951 446.269 90.3788 53.4019 2238.25 2222.12
internal_count=131705 63375 68330 48486 26725 29633 14267 38697 14889 21761 12458 726 8037 12304 5409 4481 3974 13541 5745 7796 6852 19438 15954 3484 410 4587 914 542 21529 21370
is_linear=0
shrinkage=0.04


Tree=14
num_leaves=31
num_cat=0
split_feature=3 3 3 22 11 22 22 11 3 16 22 16 12 19 2 20 21 10 3 12 10 22 16 20 12 3 16 20 3 19
split_gain=393.774 68.3187 66.0179 42.6901 27.676 24.7531 24.3346 20.4776 18.9829 17.3225 16.6358 13.1871 12.8097 13.1943 13.6722 12.2158 13.3975 11.3041 11.2239 11.0855 10.9087 10.7338 10.1825 11.6312 10.4764 10.0877 13.8785 9.99425 9.9216 11.4676
threshold=0.11275 0.055400000000000005 0.18210000000000001 16.500000000000004 3.1180500000000007 13.500000000000002 61.500000000000007 2.9500000000000006 0.22260000000000005 0.23155000000000003 60.500000000000007 0.21285000000000001 3.5098500000000006 0.75000000000000011 0.10265000000000002 0.9850000000000001 2.5000000000000004 1.8083500000000001 0.12735000000000005 3.6926000000000001 1.3981500000000002 132.50000000000003 0.17125000000000004 1.0950000000000004 3.1672500000000006 0.16400000000000001 0.20605000000000004 0.95500000000000007 0.14640000000000003 0.75000000000000011
decision_type=2 2 2 2 2 2 2 2 2 2 2 2 2 2 2 2 2 2 2 2 2 2 2 2 2 2 2 2 2 2
left_child=1 4 6 7 -1 -6 18 -4 22 12 -10 19 13 -3 20 -12 17 -17 -2 21 -15 -8 23 -5 -24 26 28 -28 29 -21
right_child=2 9 3 8 5 -7 11 -9 10 -11 15 -13 -14 14 -16 16 -18 -19 -20 25 -22 -23 24 -25 -26 -27 27 -29 -30 -31
leaf_value=-0.015566797957288745 -0.0058928619083492085 -0.0077107046155205586 -0.016621088720386968 0.015389256891975178 -0.00087178530345511621 -0.011910589429966407 0.0069509468279559256 0.0047444449752389933 0.012196866601408549 -0.0070502054606791697 0.01690756339432091 0.0031354182989654054 0.0025314090510145247 -0.00043195383812164804 0.012391956701079565 0.0098995754652325078 0.059784197324628766 0.03039217370418662 0.0016274809633876331 0.0020320789236308303 -0.020184258202634493 -0.014330719772972528 -0.0067474547709579068 0.055476576602036226 0.0093585770776095454 0.0037594575402970904 0.0086993966837527557 0.05437040785592364 0.023422048851813704 0.021064493518466464
leaf_weight=1498.7820616811514 427.52895734459162 652.39786303043365 84.553120166063309 203.86489199846983 529.61049517989159 851.40034461021423 474.7100520953536 456.36352662742138 526.32328936457634 1305.0874993354082 352.55124791711569 1129.0423030853271 870.44847173243761 419.04326350241899 122.73846869915724 58.702589616179466 20.477749884128571 192.69439183175564 1227.536632552743 139.78212855756283 49.78333904594183 40.414766266942024 69.256242603063583 12.185927137732504 775.08494114875793 127.67665473371744 12.20171722024679 25.198413044214249 123.19552414864302 80.536108210682869
leaf_count=18444 4382 7237 890 1736 5888 10087 4585 4185 4435 14196 2788 10825 8869 4565 1280 463 155 1434 12008 1288 527 382 693 104 6938 1134 112 232 1105 738
internal_value=-0.000110457 -0.00725405 0.00674756 0.011469 -0.0117946 -0.0076878 0.00333101 0.00137027 0.0139332 -0.00342551 0.0175068 0.00613455 -0.0011814 -0.00378902 0.000518542 0.0219499 0.0284014 0.0256838 -0.000309084 0.00942739 -0.00257423 0.00524572 0.0100373 0.0178286 0.00802008 0.0136299 0.0168976 0.0400983 0.0142821 0.00907556
internal_weight=12859.2 6299.29 6559.88 2752.06 2879.79 1381.01 3807.82 540.917 2211.14 3419.5 1150.75 2152.76 2114.41 1243.96 591.565 624.426 271.875 251.397 1655.07 1023.72 468.827 515.125 1060.39 216.051 844.341 508.591 380.914 37.4001 343.514 220.318
internal_count=131705 71093 60612 23821 34419 15975 36791 5075 18746 36674 9275 20401 22478 13609 6372 4840 2052 1897 16390 9576 5092 4967 9471 1840 7631 4609 3475 344 3131 2026
is_linear=0
shrinkage=0.04


Tree=15
num_leaves=31
num_cat=0
split_feature=5 2 12 2 19 12 12 22 5 13 6 2 7 2 14 18 7 13 16 7 6 10 16 14 18 14 2 13 6 2
split_gain=334.383 77.9728 61.5063 35.03 25.3916 23.6265 20.2746 19.8582 30.6631 18.4821 22.7662 17.2111 13.5631 13.1293 13.115 16.4258 12.3784 11.7387 11.5275 11.5291 12.8076 11.1246 10.702 12.0816 10.4584 10.4345 10.1676 11.3107 16.2195 9.68903
threshold=0.14135000000000003 0.095450000000000021 3.3502000000000005 0.34165000000000006 0.75000000000000011 3.3004000000000002 3.3848500000000006 59.500000000000007 0.23855000000000001 0.68335000000000001 0.24990000000000004 0.16230000000000003 0.098350000000000007 0.080100000000000018 3.3980000000000006 4.5409500000000005 0.12905000000000003 0.56350000000000011 0.14735000000000001 0.063950000000000021 0.30255000000000004 2.3345000000000007 0.16700000000000001 4.6679500000000003 3.8087500000000003 6.1406000000000009 0.19375000000000003 0.58570000000000011 0.34475000000000006 0.14645000000000002
decision_type=2 2 2 2 2 2 2 2 2 2 2 2 2 2 2 2 2 2 2 2 2 2 2 2 2 2 2 2 2 2
left_child=1 5 4 7 11 -1 25 17 12 18 -11 -2 22 -6 16 21 -10 -4 -7 20 -20 24 23 -9 -16 -3 -8 -28 -29 -14
right_child=2 6 3 -5 13 9 26 8 14 10 -12 -13 29 -15 15 -17 -18 -19 19 -21 -22 -23 -24 -25 -26 -27 27 28 -30 -31
leaf_value=-0.013129266605025385 -0.010095217846780016 -0.0064007809191291998 0.0024935317880201168 0.018125636039676835 -0.0057173391099218807 0.0011466252219410062 0.00086067531596402608 0.0013117918131761183 -0.012707973447307189 0.067581998833741844 0.0035137938646999378 0.001815073860576748 0.0053267498629871179 0.006394248055281433 0.025358386274893098 -0.0091561855195770366 0.021866644631963937 0.010518501636519233 -0.0081059240725786814 -0.0055352277819594158 -0.019607146096127497 0.066008751807259985 0.0032102460132182003 0.021835822848572849 0.063359190344572214 0.0063706409568219016 0.0067497140816823141 0.056190466601990084 -0.0050400502268841 0.013154558556887882
leaf_weight=2149.3799500241876 507.19530721008778 942.96338279545307 1542.7820823863149 520.49510964751244 175.18762008845806 200.14271970838308 991.2604628354311 78.699813112616539 24.908068433403969 9.5697670355439168 80.055833980441093 311.6336125433445 359.02872463315725 756.42544420063496 98.00127812474966 14.05680277943611 45.869712054729462 361.57449189573526 376.04182825982571 712.91046113520861 271.42858603596687 17.064010247588158 963.65765406936407 114.35677649825811 13.696271374821661 113.47977797687054 183.03559363633394 18.161990813910965 10.341787949204443 916.52168514579535
leaf_count=26124 5455 10384 14392 4201 1901 2119 10184 716 194 103 844 3010 3278 7550 745 108 351 3280 4385 7891 3116 120 9042 1036 105 1230 1808 181 103 8000
internal_value=-2.10752e-05 -0.00686022 0.00605198 0.00828357 -0.000406208 -0.0103593 -0.000969313 0.00715324 0.00939844 -0.0067411 0.0108248 -0.00554936 0.00811143 0.00410197 0.0239446 0.0309478 0.00952702 0.00402587 -0.0077608 -0.00908004 -0.0129573 0.0354373 0.00495247 0.0135562 0.0303866 -0.0050152 0.0025749 0.0105301 0.0338571 0.0109636
internal_weight=12879.9 6058.77 6821.15 5070.71 1750.44 3799.53 2259.24 4550.22 2645.86 1650.15 89.6256 818.829 2432.26 931.613 213.596 142.818 70.7778 1904.36 1560.52 1360.38 647.47 128.762 1156.71 193.057 111.698 1056.44 1202.8 211.539 28.5038 1275.55
internal_count=131956 68472 63484 45568 17916 44582 23890 41367 23695 18458 947 8465 22072 9451 1623 1078 545 17672 17511 15392 7501 970 10794 1752 850 11614 12276 2092 284 11278
is_linear=0
shrinkage=0.04


Tree=16
num_leaves=31
num_cat=0
split_feature=3 3 2 11 16 11 2 14 8 2 7 20 16 7 18 15 14 14 20 19 3 7 3 0 2 20 14 7 15 6
split_gain=323.976 67.0898 53.612 24.3822 22.8711 20.0884 15.6127 14.9116 12.665 12.4804 11.5814 11.3432 13.7628 20.7372 17.5692 13.1775 12.2046 11.8719 11.0037 10.6779 10.1435 10.0996 10.2608 10.9592 9.9861 9.62007 17.5985 15.4577 12.335 11.3665
threshold=0.10645 0.18210000000000001 1.0000000180025095e-35 3.2678500000000006 0.14585000000000004 3.2928500000000001 0.095450000000000021 4.6495000000000006 0.77500000000000013 0.34165000000000006 0.097650000000000015 0.9850000000000001 0.15010000000000004 0.14195000000000002 3.4812000000000007 6.2834000000000012 5.5937500000000009 4.5308500000000009 0.97500000000000009 0.75000000000000011 0.18695000000000003 0.10435000000000001 0.21925000000000003 0.63335000000000008 0.13810000000000003 0.97500000000000009 5.2148500000000011 0.068050000000000013 5.1852000000000009 0.29035000000000005
decision_type=2 2 2 2 2 2 2 2 2 2 2 2 2 2 2 2 2 2 2 2 2 2 2 2 2 2 2 2 2 2
left_child=2 3 4 -2 -1 10 20 -5 -9 11 -4 15 13 -13 -14 17 -17 -8 24 -6 -3 -11 -23 -24 -10 29 -27 -28 -29 -7
right_child=1 6 5 7 19 25 9 8 18 21 -12 12 14 -15 -16 16 -18 -19 -20 -21 -22 22 23 -25 -26 26 27 28 -30 -31
leaf_value=-0.0015966624473891071 -0.0027282964646528009 0.027398969929762613 -0.0088583869969056702 0.0023344657724172738 -0.01667169303699477 0.0029245783977337528 0.0081041832031547006 -0.0035167424630792822 -0.0015342066210758825 0.030290694338031356 0.00032602673169479187 0.034991297869812178 0.015455722090624142 -0.015412804036412098 0.0017669888401477798 0.030535785387051793 0.0098089967358492638 -0.00117996113630931 0.014511532608637063 -0.010267577655271906 -0.011844588952195081 -0.0032446623742068948 0.018843745822325772 0 0.0098951037737130387 -0.0014623593897998631 -0.0013423794431447632 -0.0022261444421533667 0.0277587950752166 -0.0062274380219394382
leaf_weight=280.01556003093719 1046.3831783235073 11.671721689403055 1428.2601370513439 2115.2958942130208 1005.1770967766643 284.85128010064363 845.14517043530941 130.04502581059933 187.95497799664736 75.094532914459705 256.58728290349245 85.192104130983353 515.72888448834419 14.753731496632097 214.59775537997484 68.348937056958675 144.62414575368166 294.98770432919264 426.28694643825293 741.92086147516966 73.552135162055492 46.823297224938869 360.79523078352213 57.601079747080803 340.48751721531153 729.38432288914919 83.393145084381104 27.57446176558733 93.844395600259304 889.54552325606346
leaf_count=3196 10745 106 16656 20253 12242 3158 7378 1237 1791 623 2903 695 4406 126 1855 587 1253 2551 3979 9044 674 402 2848 458 3163 7870 898 291 978 9590
internal_value=-2.10148e-05 0.00574089 -0.00700724 0.00256425 -0.0122613 -0.00419523 0.0105377 0.00429876 0.0081152 0.0110669 -0.00745288 0.00970229 0.0134022 0.0273916 0.0114538 0.00741906 0.0165729 0.0056921 0.00971317 -0.0139627 -0.00620159 0.0165448 0.0142701 0.0162604 0.00580966 -0.0015854 0.00143407 0.0117858 0.0208695 -0.00399709
internal_weight=12875.9 7055.37 5820.55 4246.45 2027.11 3793.44 2808.92 3200.07 1084.77 2723.69 1684.85 2183.38 830.272 99.9458 730.327 1353.11 212.973 1140.13 954.729 1747.1 85.2239 540.314 465.22 418.396 528.442 2108.59 934.196 204.812 121.419 1174.4
internal_count=131956 65130 66826 41168 24482 42344 23962 30423 10170 23182 19559 18851 7082 821 6261 11769 1840 9929 8933 21286 780 4331 3708 3306 4954 22785 10037 2167 1269 12748
is_linear=0
shrinkage=0.04


Tree=17
num_leaves=31
num_cat=0
split_feature=3 3 3 22 12 13 3 11 22 20 12 20 19 17 12 17 3 0 20 1 16 1 16 21 17 18 19 4 16 15
split_gain=299.021 60.9926 49.0969 34.3124 24.7886 22.6984 18.218 17.4122 21.8693 14.04 13.8737 15.3695 12.0865 11.8431 11.7677 12.9685 12.5002 12.3877 11.331 10.9725 9.72763 10.2744 11.4111 13.8532 9.698 17.9958 10.4359 9.63602 9.33613 8.85766
threshold=0.10645 0.18210000000000001 0.055400000000000005 30.500000000000004 3.6559500000000003 0.89445000000000008 0.30620000000000008 3.3166500000000005 12.500000000000002 0.96500000000000008 3.3564500000000002 0.94500000000000006 0.75000000000000011 7.8053500000000007 3.0372000000000003 10.871300000000003 0.16985000000000003 0.36665000000000009 0.9850000000000001 0.47220000000000006 0.36760000000000009 0.29285000000000005 0.20955000000000004 1.5000000000000002 8.3026500000000016 3.4188500000000004 -1.0000000180025095e-35 0.47220000000000006 0.14585000000000004 2.6377000000000006
decision_type=2 2 2 2 2 2 2 2 2 2 2 2 2 2 2 2 2 2 2 2 2 2 2 2 2 2 2 2 2 2
left_child=2 4 5 -3 14 7 20 -1 -9 -7 11 -4 -13 -14 29 16 -16 -18 -10 -6 21 -5 27 -24 -8 26 -26 -23 -12 -2
right_child=1 3 10 6 19 9 24 8 18 -11 28 12 13 -15 15 -17 17 -19 -20 -21 -22 22 23 -25 25 -27 -28 -29 -30 -31
leaf_value=-0.013497686145244679 -0.016173314987340422 0.0035302505347196635 -0.015255048790514375 0.0088259869637209894 0.0053768663175801134 -0.0077933638631256207 0.014802425143694259 0.00028312773359049861 -0.015387839812305737 0.034573020476419497 0.0091127463371372241 -0.0079703311773380876 -0.007470119306607439 0.0043419301860345072 -0.0013195665070046209 0.010562060305134206 0.0049032883380827827 0.03315962109027084 -0.0039778238773026716 0.031447220655031478 0.045844062529766319 0.018515648812571055 0.005915842241936543 0.022811279704893696 0.025620218458455805 0.0093509534622254371 0.059355130440502127 0.043523088971347587 -0.0015158787188157125 -0.0030234874438630627
leaf_weight=1729.8360852524638 104.58232647925615 892.85615719854832 238.52561712265015 1014.1398566961288 1951.7122537046671 21.345605611801147 88.296237841248512 407.7859500721097 419.69584036618471 28.029505044221878 145.72369049489498 628.30784945935011 213.66999109089375 370.68744499981403 1412.0350056961179 205.68203461170197 132.72735613584518 30.579168558120728 213.74918583035469 25.909378848969936 13.064197629690169 294.60725964605808 290.9149778932333 107.36244069039822 28.231940552592278 34.525488659739494 38.411227934062481 27.763383068144321 1370.1854654103518 391.42941577732563
leaf_count=21867 1120 8148 2701 8516 18050 253 643 4501 5062 324 1452 7197 2387 4084 14142 1982 1233 281 2548 223 111 2346 2391 888 197 249 262 211 14450 4137
internal_value=-2.14555e-05 0.0054876 -0.00676734 0.010039 0.0024564 -0.0105475 0.0130308 -0.0110299 -0.00691403 0.0161223 -0.00316877 -0.00596433 -0.00412146 0 -0.000384154 0.00112802 -9.90634e-05 0.0103526 -0.0115628 0.00573235 0.0117343 0.0114574 0.0151351 0.0105233 0.0248658 0.0334146 0.04554 0.0207706 -0.000483572 -0.00583375
internal_weight=12872.4 7084.83 5787.54 2830.17 4254.66 2820.44 1937.32 2771.07 1041.23 49.3751 2967.1 1451.19 1212.67 584.357 2277.04 1781.02 1575.34 163.307 633.445 1977.62 1747.85 1734.79 720.648 398.277 189.465 101.169 66.6432 322.371 1515.91 496.012
internal_count=131956 65130 66826 23962 41168 34555 15814 33978 12111 577 32271 16369 13668 6471 22895 17638 15656 1514 7610 18273 14463 14352 5836 3279 1351 708 459 2557 15902 5257
is_linear=0
shrinkage=0.04


Tree=18
num_leaves=31
num_cat=0
split_feature=3 3 2 22 12 16 19 3 16 11 5 6 7 17 22 16 5 22 22 3 3 12 16 18 9 19 17 17 7 12
split_gain=276.567 77.2766 35.41 31.0542 30.393 20.1034 17.7953 16.3003 16.1968 15.6534 13.994 14.0316 12.1453 12.0496 11.9555 10.7139 9.31904 9.19736 14.4153 10.9625 12.043 10.8831 10.2574 10.7332 10.2508 9.16143 8.97711 9.719 10.4763 8.81477
threshold=0.084800000000000014 0.18210000000000001 1.0000000180025095e-35 30.500000000000004 3.3564500000000002 0.14735000000000001 0.75000000000000011 0.30620000000000008 0.12360000000000002 3.5278000000000005 0.16395000000000001 0.28905000000000008 0.091150000000000023 11.783750000000003 13.500000000000002 0.27025000000000005 0.17685000000000003 134.50000000000003 90.500000000000014 0.15160000000000004 0.15665000000000004 3.9288500000000002 0.14475000000000002 3.7267000000000006 2.0500000000000003 0.75000000000000011 5.5210000000000017 6.4865000000000004 0.10235000000000001 3.4608500000000002
decision_type=2 2 2 2 2 2 2 2 2 2 2 2 2 2 2 2 2 2 2 2 2 2 2 2 2 2 2 2 2 2
left_child=2 4 5 -3 6 14 -2 -5 -6 12 11 -11 -4 15 -1 -8 -12 18 -10 -19 -21 -22 23 -20 26 -7 -24 28 -28 -26
right_child=1 3 9 7 8 25 13 -9 17 10 16 -13 -14 -15 -16 -17 -18 19 22 20 21 -23 24 -25 29 -27 27 -29 -30 -31
leaf_value=0.0049499970759982028 -0.0070146174261441754 0.0033800088081896141 -0.0087122108108049941 0.011172192192740783 0.015727644945059373 -0.016672565516501744 0.0018129760791506073 0.023504604889873854 0.0017125760955340552 0.0075307694062779987 0.056981416628852005 -0.0046065219946302147 0.00050177891462573293 0.018639659962097634 -0.011902024875121351 -0.0098700448663309338 0.0076869131731717843 -0.0099716165643074367 0.037745421375382171 0.030304336231636628 -0.0078196586093123559 0.023685832622183219 -0.01757867122482144 -0.0014983527388739415 -0.018004007634664414 -0.010469112045730004 0.011647644805166451 0.0038519664983778881 0.054545069143672312 0.015733713617163123
leaf_weight=156.13345452398062 849.54640391469002 895.21492739021778 1432.2773269116879 1762.4251884818077 165.60080599039793 917.59430769085884 729.51647982001305 192.48468862473965 2263.6829506605864 203.89858210086823 10.20112017542124 594.91968751698732 269.45111685991287 57.425297148525715 117.11761440336704 151.138039521873 16.437216125428677 181.2876605913043 33.62999240309 24.369777373969555 78.158336952328682 22.049147434532642 28.228480704128742 15.653694942593573 12.392352625727652 684.22481063008308 43.986003145575523 726.57931654155254 11.584274776279925 220.88852442800999
leaf_count=1771 9223 8148 16982 14463 1516 11500 7621 1351 21963 2227 105 6504 3100 578 1384 1626 170 1746 306 223 699 195 277 143 117 8536 432 6922 107 2021
internal_value=-2.12621e-05 0.00420644 -0.00815371 0.00957099 0.00148105 -0.0123227 -0.00282095 0.0123983 0.00349321 -0.00505394 -0.000517673 -0.00149069 -0.0072465 0.000965859 -0.00223763 -0.00018291 0.0277084 0.00293468 0.00354165 -0.00368202 0.00537808 -0.000685014 0.0073165 0.0251497 0.00645124 -0.0140343 0.00429777 0.00511337 0.0212108 0.0138555
internal_weight=12868.1 8465.84 4402.26 2850.12 5615.72 1875.07 1787.63 1954.91 3828.09 2527.19 825.457 798.818 1701.73 938.08 273.251 880.655 26.6383 3662.49 3356.63 305.865 124.577 100.207 1092.94 49.2837 1043.66 1601.82 810.378 782.15 55.5703 233.281
internal_count=131956 79677 52279 23962 55715 23191 19048 15814 36667 29088 9006 8731 20082 9825 3155 9247 275 35151 32288 2863 1117 894 10325 449 9876 20036 7738 7461 539 2138
is_linear=0
shrinkage=0.04


Tree=19
num_leaves=31
num_cat=0
split_feature=3 3 2 22 12 12 13 3 2 19 12 6 5 7 12 19 3 8 17 12 21 11 5 22 17 5 17 13 11 6
split_gain=255.909 50.2517 45.9138 28.1052 21.4528 21.451 16.68 14.8651 11.9689 11.4074 11.4366 11.1412 11.7997 13.0755 10.9061 10.5428 10.4559 10.0731 9.84155 9.0791 9.0751 9.55187 8.58301 8.41189 10.6559 9.36026 8.40992 9.90171 8.37091 8.90382
threshold=0.10645 0.18210000000000001 1.0000000180025095e-35 30.500000000000004 3.3915000000000006 3.6559500000000003 0.89445000000000008 0.24745000000000003 0.10265000000000002 0.75000000000000011 2.8950000000000005 0.26625000000000004 0.062150000000000004 0.049250000000000009 2.7510000000000003 0.75000000000000011 0.16140000000000002 1.1000000000000003 11.197550000000001 3.4816500000000006 11.500000000000002 1.8944500000000002 0.14965000000000003 77.500000000000014 8.275800000000002 0.094750000000000015 1.0000000180025095e-35 0.47220000000000006 2.8660500000000004 0.30605000000000004
decision_type=2 2 2 2 2 2 2 2 2 2 2 2 2 2 2 2 2 2 2 2 2 2 2 2 2 2 2 2 2 2
left_child=2 5 6 28 8 14 9 -5 20 10 -1 12 -12 -14 -2 -10 18 -8 -16 -9 21 -4 -18 25 -25 -23 -11 -28 -3 -30
right_child=1 3 4 7 -6 -7 17 19 15 26 11 -13 13 -15 16 -17 22 -19 -20 -21 -22 23 -24 24 -26 -27 27 -29 29 -31
leaf_value=-0.020716670533346537 -0.0093902788929859891 -0.0079365927990305181 -0.027519606867416165 0.0093109455447330253 -0.00030769784610099819 0.0053061125322192973 0.0022015312567430505 0.0049480760500807139 -0.0063661297097060785 0.0087332303061034081 -0.0089908056088687134 -0.01476130275546607 0.057666871443393733 0.0032255355061220465 -0.0018744373449875468 0.0075563110024322745 -0.01318636887497183 0.048610743014954959 0.0084535156764442305 0.018639130427714659 0.0082294004104021511 -0.010229869380235736 0.0082348594466041935 -0.022038783881331778 -0.0068105229653585165 -0.0034796259483049299 -0.011100948847599016 0.0012163576136589155 0.022781090824934021 0.0035752017208627767
leaf_weight=334.33353631198406 195.73415487259626 94.701419077813625 40.321616113185883 1313.1253548040986 1656.3577103465796 1991.9477890431881 32.469925165176392 93.184154257178307 179.04511658847332 43.277977012097836 167.68190232664347 554.00084635615349 8.2677976787090284 39.601214371621609 1532.6259111240506 168.21429185569286 31.844220660626888 9.4966688528656942 162.61502845585346 565.62146305292845 53.962681725621223 586.27458554506302 353.48213645070791 138.5435985326767 164.04648374766111 766.81237824261189 661.89479225128889 121.81509331613779 40.54229374229908 762.23312909156084
leaf_count=4383 2113 986 487 10981 17704 18273 381 750 2000 483 2081 6707 104 492 15585 1805 315 107 1578 4083 644 7279 3304 1633 1912 8880 8257 1487 373 6789
internal_value=-2.12329e-05 0.005031 -0.00632055 0.00912538 -0.00371829 0.00227493 -0.0112634 0.011798 -0.00640549 -0.0118097 -0.0144867 -0.0117528 -0.00394875 0.0133755 -0.000372916 0.000344635 0.000471699 0.0134348 -0.000874457 0.016726 -0.00775155 -0.00826937 0.00641867 -0.00778515 -0.0138474 -0.00641598 -0.00821536 -0.00917156 0.00323654 0.00457367
internal_weight=12864.1 7137.66 5726.42 2869.41 3753.58 4268.25 1972.84 1971.93 2097.22 1930.87 1103.89 769.552 215.551 47.869 2276.3 347.259 2080.57 41.9666 1695.24 658.806 1749.96 1696 385.326 1655.68 302.59 1353.09 826.988 783.71 897.477 802.775
internal_count=131956 65130 66826 23962 42344 41168 24482 15814 24640 23994 13767 9384 2677 596 22895 3805 20782 488 17163 4833 20835 20191 3619 19704 3545 16159 10227 9744 8148 7162
is_linear=0
shrinkage=0.04


Tree=20
num_leaves=31
num_cat=0
split_feature=3 3 12 12 22 2 3 16 2 16 7 16 8 11 13 2 10 3 14 3 22 22 15 12 7 8 2 8 13 12
split_gain=234.211 51.9712 34.8501 24.416 22.9952 20.995 20.4385 14.2058 15.0334 12.5651 13.2005 12.4078 11.6274 10.7102 12.0251 11.8153 10.6281 10.4873 10.2958 10.3498 11.7407 10.2712 10.1906 13.2898 9.93615 9.8804 9.5227 11.4092 9.26909 14.354
threshold=0.093900000000000011 0.14330000000000001 3.3915000000000006 3.0670000000000006 54.500000000000007 0.080100000000000018 0.24745000000000003 0.14585000000000004 1.0000000180025095e-35 0.21225000000000002 0.079650000000000012 0.23945000000000002 1.1000000000000003 2.8166500000000005 0.31665000000000004 0.095450000000000021 2.2454000000000005 0.20415000000000003 6.6999500000000012 0.026400000000000003 14.500000000000002 20.500000000000004 8.5998000000000019 2.9171000000000005 0.018600000000000002 2.7750000000000004 0.24265000000000003 1.1000000000000003 0.58570000000000011 3.9343500000000007
decision_type=2 2 2 2 2 2 2 2 2 2 2 2 2 2 2 2 2 2 2 2 2 2 2 2 2 2 2 2 2 2
left_child=2 3 5 -2 13 18 9 -4 28 -6 -11 -5 -12 15 -15 -3 -14 -16 19 20 -1 22 23 -20 -24 -13 27 -8 -9 -30
right_child=1 4 7 11 6 -7 26 8 -10 10 12 25 16 14 17 -17 -18 -19 21 -21 -22 -23 24 -25 -26 -27 -28 -29 29 -31
leaf_value=-0.010969401083123061 -0.0074324861757995809 -0.03473676885990664 0.0066165393560866483 0.0038277938800017437 0.010987242870860897 -0.0036826013687868511 0.052772215215453271 -0.01127230801972791 -0.0012864526126430322 -0.012247692006243899 -0.0010843365053496989 -0.0031693689601982396 0.0077204133997771365 0.0016920494891376797 0.0029937298528387645 -0.0017849440841084521 0.041935524047510338 0.011867445779161835 0.0033380605571543286 -0.0093931933430537427 -0.019607879441216971 -0.010845910114570234 0.017524797969567091 0.047463196028284201 -0.027362580056051265 0.013239569587897244 0.014025428132656352 0.019982276449408139 0.018875723701443508 -0.036318120942168179
leaf_weight=544.84026207774878 537.28454519808292 19.039956018328667 234.93635443598032 1783.9430744275451 1028.3815607205033 750.02867886424065 23.420084826648235 464.5005631223321 1127.0868565961719 66.954133361577988 277.00997807830572 813.64210673421621 790.57635813206434 1006.9285657405853 375.64042442291975 170.64971134066582 14.506676152348517 506.72972039878368 29.483876653015614 1061.0406238734722 489.51765643805265 94.958828777074814 12.729985281825067 17.567293979227543 18.530301705002785 62.579372145235538 377.30611810088158 71.910884521901608 36.348758772015572 8.8988239392638189
leaf_count=7091 5890 204 2430 17581 8719 8529 170 5610 12265 643 2492 8259 6934 9123 3486 1746 118 4212 383 13051 6475 1183 165 220 232 612 2665 518 413 104
internal_value=3.15455e-05 0.00427962 -0.00685104 0.000336538 0.0069428 -0.00951114 0.00941625 -0.00255318 -0.00387826 0.00776621 0.00486946 0.00191129 0.00594483 0.00378264 0.00469585 -0.00523818 0.00837747 0.00810718 -0.0114315 -0.0122074 -0.0150767 -0.00197147 0.00863776 0.0203911 -0.00871734 -0.00197688 0.0169764 0.0283964 -0.00957854 0.00748016
internal_weight=12817 7926.5 4890.47 3197.45 4729.05 3018.7 2650.07 1871.77 1636.84 2177.43 1149.05 2660.16 1082.09 2078.99 1889.3 189.69 805.083 882.37 2268.67 2095.4 1034.36 173.27 78.3115 47.0512 31.2603 876.221 472.637 95.331 509.748 45.2476
internal_count=131523 73372 58151 32342 41030 37329 22259 20822 18392 18906 10187 26452 9544 18771 16821 1950 7052 7698 28800 26617 13566 2183 1000 603 397 8871 3353 688 6127 517
is_linear=0
shrinkage=0.04


Tree=21
num_leaves=31
num_cat=0
split_feature=3 3 12 12 2 7 12 16 2 16 14 20 16 17 20 15 2 14 19 14 18 12 10 16 15 8 20 14 16 19
split_gain=216.416 47.5171 32.6362 22.5744 19.7619 17.2397 14.0344 13.0965 14.0337 12.9737 11.294 10.2121 10.0061 9.93236 10.5273 9.83593 11.7895 9.69822 10.7619 9.44198 9.25914 9.11987 9.11595 9.09275 10.6834 8.79255 8.75765 8.72266 10.3176 8.70056
threshold=0.093900000000000011 0.14465000000000003 3.3915000000000006 3.0670000000000006 0.080100000000000018 0.088950000000000015 2.8342000000000005 0.14585000000000004 1.0000000180025095e-35 0.13825000000000001 3.5424000000000002 1.0450000000000002 0.11135000000000002 13.319900000000002 1.0450000000000002 6.090650000000001 0.095450000000000021 6.6999500000000012 0.75000000000000011 8.0786000000000016 4.128400000000001 3.9395500000000006 1.0427500000000001 0.24245000000000003 4.2999000000000001 3.1000000000000005 1.0450000000000002 7.4783000000000008 0.22475000000000003 0.75000000000000011
decision_type=2 2 2 2 2 2 2 2 2 2 2 2 2 2 2 2 2 2 2 2 2 2 2 2 2 2 2 2 2 2
left_child=2 3 4 -2 17 9 29 13 21 -3 11 22 19 14 -4 20 -17 18 -1 -12 -8 -9 -5 -24 -25 -10 -11 -14 -29 -7
right_child=1 5 7 10 -6 6 15 8 25 26 12 -13 27 -15 -16 16 -18 -19 -20 -21 -22 -23 23 24 -26 -27 -28 28 -30 -31
leaf_value=-0.014508955667880519 -0.0071450238099734142 0.018010617123521797 0.0054612958439141379 0.024915249494118601 -0.0035460987258090267 -0.0157602533325641 0.0081341754749367692 -0.0062276254050927307 -0.0016887755630700602 -0.0011395207504695767 0.0080445150936308257 -0.013764450547803524 0.0040756641327686707 -0.018731440924964676 0.031866049634500022 -0.01054619913596439 0.014025423548700094 -0.0018933813686767842 -0.0086686111691667098 0.049984284894550507 0.0012452049855210497 -0.018975303217708305 0.0027474773531504923 -0.007065671862729197 0.021695342535333954 0.026914902433138967 0.013483085383893773 -0.014633403974413501 0.019804320405824711 0.0039708507865463503
leaf_weight=1123.9937488809228 534.69366792589426 70.312625385820866 186.27337754517794 22.075993552803993 747.80942229926586 61.32305621355772 2686.2086975723505 386.58687940984964 1109.0073179230094 739.27482096105814 24.249814294278622 97.685732290148735 1563.5529253408313 22.148154847323895 27.731997363269329 31.993114195764065 617.30108743906021 172.97713416814804 950.33056491613388 13.822719871997831 358.17718693614006 119.19425893574953 495.57585304230452 365.22534100711346 21.244626767933369 16.928629413247108 71.382184661924839 77.165482893586159 16.249871090054512 82.938435219228268
leaf_count=14534 5896 628 1921 238 8529 647 22639 4675 12088 6881 223 983 15436 227 282 281 5098 2183 12083 127 3048 1452 4921 3717 216 177 663 734 158 838
internal_value=2.91343e-05 0.00409561 -0.00661639 0.00035471 -0.00920535 0.00665456 0.00781359 -0.00245725 -0.00373632 0.00159005 0.00184715 -0.00151088 0.00383876 0.00631909 0.00900521 0.00829278 0.012789 -0.011082 -0.0118418 0.0240329 0.00732795 -0.00927127 -0.000166804 -0.000821919 -0.00542765 -0.00123631 0.000140793 0.0033604 -0.00844154 -0.00435907
internal_weight=12813.4 7950.45 4862.98 3231.54 2995.11 4718.91 3837.94 1867.87 1631.72 880.97 2696.85 1001.81 1695.04 236.154 214.005 3693.68 649.294 2247.3 2074.32 38.0725 3044.39 505.781 904.122 882.046 386.47 1125.94 810.657 1656.97 93.4154 144.261
internal_count=131523 73372 58151 32649 37329 40723 32551 20822 18392 8172 26753 10075 16678 2430 2203 31066 5379 28800 26617 350 25687 6127 9092 8854 3933 12265 7544 16328 892 1485
is_linear=0
shrinkage=0.04


end of trees

feature_importances:
season_avg_home_runs=91
season_avg_at_bats=81
pitcher_last_10_k_rate=72
games_played_season=53
last_20_avg_home_runs=49
season_avg_batter_iso=33
pitcher_last_10_era=29
pitcher_last_10_h_per_9=29
park_factor=27
last_10_avg_walks=25
platoon_advantage=25
last_10_avg_at_bats=24
season_avg_batter_hard_contact=22
pitcher_last_10_bb_per_9=20
season_avg_batter_slg=19
season_avg_total_bases=14
pitcher_last_5_era=12
last_5_avg_total_bases=11
last_10_rate_over_0.5_home_runs=7
last_10_avg_total_bases=7
last_10_avg_home_runs=4
days_rest=4
last_5_avg_home_runs=2

parameters:
[boosting: gbdt]
[objective: binary]
[metric: binary_logloss,auc]
[tree_learner: serial]
[device_type: cpu]
[data_sample_strategy: bagging]
[data: ]
[valid: ]
[num_iterations: 1000]
[learning_rate: 0.04]
[num_leaves: 31]
[num_threads: 0]
[seed: 42]
[deterministic: 0]
[force_col_wise: 0]
[force_row_wise: 0]
[histogram_pool_size: -1]
[max_depth: -1]
[min_data_in_leaf: 100]
[min_sum_hessian_in_leaf: 0.001]
[bagging_fraction: 0.9]
[pos_bagging_fraction: 1]
[neg_bagging_fraction: 1]
[bagging_freq: 5]
[bagging_seed: 400]
[bagging_by_query: 0]
[feature_fraction: 0.8]
[feature_fraction_bynode: 1]
[feature_fraction_seed: 30056]
[extra_trees: 0]
[extra_seed: 12879]
[early_stopping_round: 0]
[early_stopping_min_delta: 0]
[first_metric_only: 0]
[max_delta_step: 0]
[lambda_l1: 0.3]
[lambda_l2: 0.5]
[linear_lambda: 0]
[min_gain_to_split: 0]
[drop_rate: 0.1]
[max_drop: 50]
[skip_drop: 0.5]
[xgboost_dart_mode: 0]
[uniform_drop: 0]
[drop_seed: 17869]
[top_rate: 0.2]
[other_rate: 0.1]
[min_data_per_group: 100]
[max_cat_threshold: 32]
[cat_l2: 10]
[cat_smooth: 10]
[max_cat_to_onehot: 4]
[top_k: 20]
[monotone_constraints: ]
[monotone_constraints_method: basic]
[monotone_penalty: 0]
[feature_contri: ]
[forcedsplits_filename: ]
[refit_decay_rate: 0.9]
[cegb_tradeoff: 1]
[cegb_penalty_split: 0]
[cegb_penalty_feature_lazy: ]
[cegb_penalty_feature_coupled: ]
[path_smooth: 0]
[interaction_constraints: ]
[verbosity: -1]
[saved_feature_importance_type: 0]
[use_quantized_grad: 0]
[num_grad_quant_bins: 4]
[quant_train_renew_leaf: 0]
[stochastic_rounding: 1]
[linear_tree: 0]
[max_bin: 255]
[max_bin_by_feature: ]
[min_data_in_bin: 3]
[bin_construct_sample_cnt: 200000]
[data_random_seed: 175]
[is_enable_sparse: 1]
[enable_bundle: 1]
[use_missing: 1]
[zero_as_missing: 0]
[feature_pre_filter: 1]
[pre_partition: 0]
[two_round: 0]
[header: 0]
[label_column: ]
[weight_column: ]
[group_column: ]
[ignore_column: ]
[categorical_feature: ]
[forcedbins_filename: ]
[precise_float_parser: 0]
[parser_config_file: ]
[objective_seed: 16083]
[num_class: 1]
[is_unbalance: 0]
[scale_pos_weight: 1]
[sigmoid: 1]
[boost_from_average: 1]
[reg_sqrt: 0]
[alpha: 0.9]
[fair_c: 1]
[poisson_max_delta_step: 0.7]
[tweedie_variance_power: 1.5]
[lambdarank_truncation_level: 30]
[lambdarank_norm: 1]
[label_gain: ]
[lambdarank_position_bias_regularization: 0]
[eval_at: ]
[multi_error_top_k: 1]
[auc_mu_weights: ]
[num_machines: 1]
[local_listen_port: 12400]
[time_out: 120]
[machine_list_filename: ]
[machines: ]
[gpu_platform_id: -1]
[gpu_device_id: -1]
[gpu_use_dp: 0]
[num_gpu: 1]

end of parameters

pandas_categorical:[]
