tree
version=v4
num_class=1
num_tree_per_iteration=1
label_index=0
max_feature_idx=65
objective=regression
feature_names=home_last_5_avg_runs_scored home_last_10_avg_runs_scored home_last_20_avg_runs_scored home_season_avg_runs_scored home_last_5_avg_runs_allowed home_last_10_avg_runs_allowed home_last_20_avg_runs_allowed home_season_avg_runs_allowed home_last_5_avg_margin home_last_10_avg_margin home_season_avg_margin home_last_5_win_rate home_last_10_win_rate home_season_win_rate home_last_10_avg_hits_scored home_last_10_avg_hr_scored home_last_10_avg_bb_scored home_days_rest home_is_back_to_back home_games_played_season away_last_5_avg_runs_scored away_last_10_avg_runs_scored away_last_20_avg_runs_scored away_season_avg_runs_scored away_last_5_avg_runs_allowed away_last_10_avg_runs_allowed away_last_20_avg_runs_allowed away_season_avg_runs_allowed away_last_5_avg_margin away_last_10_avg_margin away_season_avg_margin away_last_5_win_rate away_last_10_win_rate away_season_win_rate away_last_10_avg_hits_scored away_last_10_avg_hr_scored away_last_10_avg_bb_scored away_days_rest away_is_back_to_back away_games_played_season home_sp_last_3_era home_sp_last_5_era home_sp_last_10_era home_sp_last_3_whip home_sp_last_5_whip home_sp_last_10_whip home_sp_last_3_k9 home_sp_last_5_k9 home_sp_last_10_k9 home_sp_season_era home_sp_season_whip home_sp_season_k9 home_sp_games_started away_sp_last_3_era away_sp_last_5_era away_sp_last_10_era away_sp_last_3_whip away_sp_last_5_whip away_sp_last_10_whip away_sp_last_3_k9 away_sp_last_5_k9 away_sp_last_10_k9 away_sp_season_era away_sp_season_whip away_sp_season_k9 away_sp_games_started
feature_infos=[0:13.5] [0:13.5] [0:13.5] [0:16] [0:12.6] [0:10] [0:10] [0:12] [-9:8.5] [-5.7000000000000002:8.5] [-10:15] [0:1] [0:1] [0:1] [0:15] [0:3] [0:7] [1:7] [0:1] [0:178] [0:11.199999999999999] [0:10] [0:10] [0:12] [0:13.5] [0:13.5] [0:13.5] [0:16] [-8.5:7.2000000000000002] [-8.5:6] [-15:10] [0:1] [0:1] [0:1] [0:19] [0:3.2000000000000002] [0:9] [1:7] [0:1] [0:178] [0:21] [0:21] [0:21] [0:3.6666666666666665] [0:3.6666666666666665] [0:3.6666666666666665] [0:18] [0:18] [0:18] [0:21] [0:3.6666666666666665] [0:18] [0:86] [0:24.299999999999997] [0:24.299999999999997] [0:24.299999999999997] [0.23809523809523808:3.5999999999999996] [0.23809523809523808:3.5999999999999996] [0.23809523809523808:3.5999999999999996] [0:21.599999999999998] [0:21.599999999999998] [0:21.599999999999998] [0:24.299999999999997] [0.23809523809523808:3.5999999999999996] [0:21.599999999999998] [0:84]
tree_sizes=1883 1869 1889 1900 1880 1882 1887 1883 1872 1870 1884 1869 1875 1881 1885 1885 1873 1888 1871 1886 1879 1886 1873 1881 1885 1878 1888 1874 1882 1879 1880 1876 1886 1875 1881 1863 1873 1884 1876 1871 1886 1880 1872

Tree=0
num_leaves=20
num_cat=0
split_feature=33 51 65 52 60 23 63 50 9 10 16 60 33 19 21 7 52 42 49
split_gain=1553.83 1133.82 755.946 524.177 489.406 431.718 369.046 332.625 325.74 305.683 244.303 241.185 240.781 232.976 223.411 220.672 212.15 210.323 205.086
threshold=0.44176356589147292 8.0645491639363609 1.0000000180025095e-35 1.0000000180025095e-35 8.0873416289592779 4.2007751937984503 1.306965221132433 1.2342611229652605 -3.1499999999999999 -0.72281323877068548 3.7071428571428577 8.5255147058823528 0.50751922207146094 29.500000000000004 4.7250000000000005 5.0690981432360749 3.5000000000000004 5.0373688076629266 5.3047011713776424
decision_type=2 2 2 2 2 2 2 2 2 2 2 2 2 2 2 2 2 2 2
left_child=4 3 14 5 7 -2 8 -1 -5 16 15 -11 13 -8 -3 -6 -4 -14 -19
right_child=1 2 9 6 10 -7 12 -9 -10 11 -12 -13 17 -15 -16 -17 -18 18 -20
leaf_value=0.068862144342591525 -0.029109525675566083 0.14324341662588275 -0.13870780481711847 -0.19675658571149487 -0.01567257430974596 -0.14887779727730008 -0.078884243811487786 0.016832264859427796 -0.062258648146548828 0.0049011687549872576 0.035526879367862127 -0.026820117644261059 -0.02173067874957535 0.018995627211646129 0.024152505063711357 -0.096131585606410649 -0.041621449638559863 -0.15008991740219432 -0.048849608312581838
leaf_weight=299 68 59 41 30 369 165 47 574 727 748 127 787 193 226 44 64 296 51 86
leaf_count=299 68 59 41 30 369 165 47 574 727 748 127 787 193 226 44 64 296 51 86
internal_value=-0.0192521 -0.0333821 -0.0131313 -0.0584892 0.0159301 -0.113924 -0.0489919 0.0346523 -0.0675888 -0.0189361 -0.0132566 -0.0113624 -0.0256455 0.00214451 0.0923696 -0.0275649 -0.0534331 -0.0486354 -0.0865376
internal_weight=5001 3568 1975 1593 1433 233 1360 873 757 1872 560 1535 603 273 103 433 337 330 137
internal_count=5001 3568 1975 1593 1433 233 1360 873 757 1872 560 1535 603 273 103 433 337 330 137
is_linear=0
shrinkage=1


Tree=1
num_leaves=20
num_cat=0
split_feature=30 52 60 65 51 2 50 4 51 55 3 60 23 63 52 48 4 41 26
split_gain=1688.66 846.551 808.585 562.3 386.375 435.236 380.382 356.034 351.675 325.596 290.347 287.073 255.687 244.706 231.039 219.556 234.037 245.082 204.125
threshold=0.14759599515898342 1.0000000180025095e-35 8.0000840336134473 1.0000000180025095e-35 8.0645491639363609 3.9750000000000005 1.2363950742240217 4.6333333333333337 8.0645491639363609 3.4642901371074752 4.3321596244131468 7.9923626373626382 3.4294755877034362 1.3349688245366664 4.5000000000000009 11.5069899682361 2.9000000000000004 2.2817481203007524 3.7029411764705888
decision_type=2 2 2 2 2 2 2 2 2 2 2 2 2 2 2 2 2 2 2
left_child=2 9 6 7 5 -4 12 -3 -5 -2 -8 -12 -1 -10 -14 16 -15 -18 -7
right_child=1 3 4 8 -6 18 10 -9 13 -11 11 -13 14 15 -16 -17 17 -19 -20
leaf_value=0.13717740566322678 -0.192991327387946 0.12157436198541817 -0.088040501306420327 -0.04413693652613971 0.016392306631030858 -0.083843459992979971 0.0034409815626531386 -0.014000909545204856 -0.022814175182448646 -0.072949209876504592 0.035751325684565086 0.12691569739836267 -0.014523695814804954 0.073980371950874244 0.069906260434516587 0.097624995089743455 -0.11555432864231989 0.0022357061286726273 0.004422432256249143
leaf_weight=76 56 71 146 867 675 48 459 55 856 102 405 64 61 63 346 46 32 242 331
leaf_count=76 56 71 146 867 675 48 459 55 856 102 405 64 61 63 346 46 32 242 331
internal_value=-0.00172542 -0.0260199 0.0205127 -0.019686 -0.00362481 -0.0293611 0.0410407 0.0623947 -0.0245968 -0.115496 0.0260574 0.0481917 0.0698284 -0.0109234 0.0572521 0.0156523 0.0044631 -0.0115208 -0.00675636
internal_weight=5001 2390 2611 2232 1200 525 1411 126 2106 158 928 469 483 1239 407 383 337 274 379
internal_count=5001 2390 2611 2232 1200 525 1411 126 2106 158 928 469 483 1239 407 383 337 274 379
is_linear=0
shrinkage=0.04


Tree=2
num_leaves=20
num_cat=0
split_feature=33 52 65 10 60 23 10 50 20 58 57 59 54 28 42 49 52 53 60
split_gain=1349.2 868.259 736.135 546.971 424.11 376.579 365.538 263.564 261.075 270.983 244.703 213.333 208.244 201.875 320.604 198.913 196.532 189.418 206.499
threshold=0.44176356589147292 1.0000000180025095e-35 1.0000000180025095e-35 -0.43570116350275562 8.6318406593406607 4.2007751937984503 -0.89961240310077517 1.2342611229652605 5.1000000000000005 1.4224906015037595 1.3794742370632465 8.930451127819552 1.1278846153846158 1.5000000000000002 3.0072874919198451 4.5000133689839581 1.5000000000000002 2.6176470588235294 9.9989943609022571
decision_type=2 2 2 2 2 2 2 2 2 2 2 2 2 2 2 2 2 2 2
left_child=4 5 6 12 7 -2 -3 15 9 17 11 -7 -4 -10 -15 -1 -6 18 -5
right_child=1 2 3 8 16 10 -8 -9 13 -11 -12 -13 -14 14 -16 -17 -18 -19 -20
leaf_value=0.083675649823286596 -0.010262098507681752 -0.038033350431002103 -0.1269249762122224 0.040488340642967427 -0.073759386896524795 -0.058422665817793026 0.10076681472306705 0.030614132596133849 -0.047572034053905851 0.038325979142419753 -0.19707031388672033 -0.18230459872881571 -0.034852621304322227 -0.065705313719106165 0.01399712520231188 -0.021041793441399934 0.0083593981184206956 -0.014823145210108859 -0.02266858389478971
leaf_weight=312 68 39 41 258 53 86 137 648 297 341 49 30 950 106 339 32 388 705 122
leaf_count=312 68 39 41 258 53 86 137 648 297 341 49 30 950 106 339 32 388 705 122
internal_value=-0.0016564 -0.0148232 -0.00960765 -0.0140435 0.0311274 -0.0894753 0.07001 0.0456365 -0.0027903 0.00722249 -0.122121 -0.0904611 -0.0386619 -0.0220332 -0.00498817 0.0739345 -0.00150975 -0.0025529 0.0202116
internal_weight=5001 3568 3335 3159 1433 233 176 992 2168 1426 165 116 991 742 445 344 441 1085 380
internal_count=5001 3568 3335 3159 1433 233 176 992 2168 1426 165 116 991 742 445 344 441 1085 380
is_linear=0
shrinkage=0.04


Tree=3
num_leaves=20
num_cat=0
split_feature=33 52 65 10 61 23 10 20 63 52 65 10 57 6 59 54 62 28 42
split_gain=1243.43 800.187 678.422 504.088 388.492 347.056 336.88 240.606 254.729 228.173 259.65 243.969 225.518 198.38 196.608 191.918 187.612 186.048 295.469
threshold=0.44176356589147292 1.0000000180025095e-35 1.0000000180025095e-35 -0.43570116350275562 8.4513688633348103 4.2007751937984503 -0.89961240310077517 5.1000000000000005 1.4247520435659824 3.5000000000000004 1.0000000180025095e-35 -0.74575814705090215 1.3794742370632465 4.6770833333333348 8.930451127819552 1.1278846153846158 5.4001378676470599 1.5000000000000002 3.0072874919198451
decision_type=2 2 2 2 2 2 2 2 2 2 2 2 2 2 2 2 2 2 2
left_child=4 5 6 15 9 -2 -3 8 -5 13 -11 -12 14 -1 -7 -4 -6 -9 -19
right_child=1 2 3 7 16 12 -8 17 -10 10 11 -13 -14 -15 -16 -17 -18 18 -20
leaf_value=-0.028063063369100465 -0.0098516146740054381 -0.036512015416071963 -0.12184797694043416 -0.0010120290761481817 -0.013534972340371409 -0.056085760551829671 0.096736141878322968 -0.045669153735154504 0.042904439346879257 0.12265053127629635 -0.0030903115946995588 0.056937839193652348 -0.18918750325027778 0.056105435815167748 -0.17501241795221964 -0.033458516519438278 0.052171889427442886 -0.063077101271669822 0.013437240035726435
leaf_weight=116 68 39 41 1168 363 86 137 297 258 78 133 584 49 73 30 950 86 106 339
leaf_count=116 68 39 41 1168 363 86 137 297 258 78 133 584 49 73 30 950 86 106 339
internal_value=-0.00159014 -0.0142303 -0.00922335 -0.0134817 0.0298823 -0.0858963 0.0672096 -0.00267869 0.00693359 0.043951 0.0533427 0.0458029 -0.117236 0.00444646 -0.0868427 -0.0371154 -0.000949694 -0.0211519 -0.00478865
internal_weight=5001 3568 3335 3159 1433 233 176 2168 1426 984 795 717 165 189 116 991 449 742 445
internal_count=5001 3568 3335 3159 1433 233 176 2168 1426 984 795 717 165 189 116 991 449 742 445
is_linear=0
shrinkage=0.04


Tree=4
num_leaves=20
num_cat=0
split_feature=30 51 60 63 51 51 50 56 3 56 3 60 7 49 62 52 19 33 35
split_gain=1396.38 706.464 663.053 428.56 394.711 345.982 323.572 277.746 268.574 254.211 251.622 247.304 243.046 214.103 235.869 209.358 200.518 228.594 198.189
threshold=0.14759599515898342 8.0645491639363609 8.0000840336134473 1.3349688245366664 7.9307030038736146 8.0645491639363609 1.2363950742240217 1.2738365800865805 4.2408083265747507 1.4629514963880295 4.3321596244131468 7.9923626373626382 5.6081452944413881 4.4718657965411222 5.1462697450973733 39.500000000000007 15.500000000000002 0.58359213250517616 0.5277777777777779
decision_type=2 2 2 2 2 2 2 2 2 2 2 2 2 2 2 2 2 2 2
left_child=2 4 6 -3 12 8 15 -5 -4 -9 -8 18 -2 14 -10 -1 -6 -18 -12
right_child=1 3 5 7 16 -7 10 9 13 -11 11 -13 -14 -15 -16 -17 17 -19 -20
leaf_value=0.048610413710674198 -0.026764299923695788 -0.020677177562839658 -0.062141652995711762 -0.027218971505794113 -0.0053295208386012483 0.015779933183502268 0.0024113308526332086 0.083744812529338034 0.0050583786919065144 0.014661545243267854 -0.061423391428860753 0.11713889813050628 -0.091817519801003583 -0.034952513724565509 0.12937877455065327 0.10938626622858127 -0.085310890454995014 -0.18624731819680396 0.040858503637675153
leaf_weight=362 736 856 213 113 35 675 459 152 115 194 33 64 105 166 31 121 152 47 372
leaf_count=362 736 856 213 113 35 675 459 152 115 194 33 64 105 166 31 121 152 47 372
internal_value=-0.00152654 -0.0236187 0.0186957 -0.00395578 -0.0476714 -0.00316198 0.0372848 0.0272283 -0.0275159 0.0450103 0.0234656 0.044071 -0.0348863 -0.00387712 0.0314552 0.0638358 -0.0936214 -0.10915 0.0325244
internal_weight=5001 2390 2611 1315 1075 1200 1411 459 525 346 928 469 841 312 146 483 234 199 405
internal_count=5001 2390 2611 1315 1075 1200 1411 459 525 346 928 469 841 312 146 483 234 199 405
is_linear=0
shrinkage=0.04


Tree=5
num_leaves=20
num_cat=0
split_feature=30 64 52 13 10 9 65 64 10 26 4 14 55 65 44 22 52 64 49
split_gain=1119.42 650.827 395.245 344.496 342.014 324.108 304.727 291.405 281.175 281.003 278.237 275.006 253.904 215.296 238.445 212.811 210.295 198.956 310.16
threshold=0.18795289855072467 8.5441092683240338 1.0000000180025095e-35 0.39173060528559256 -0.16613588110403393 -3.1499999999999999 1.5000000000000002 8.1319662314686649 1.1877670940170943 5.2426470588235299 5.4500000000000011 8.0500000000000025 3.4642901371074752 7.5000000000000009 1.2668960863697709 4.9348739495798331 35.500000000000007 6.0043449197860967 2.7491550968213376
decision_type=2 2 2 2 2 2 2 2 2 2 2 2 2 2 2 2 2 2 2
left_child=1 4 12 -3 6 -4 11 13 -9 -6 16 -1 -2 -7 15 -15 -11 -8 -19
right_child=2 3 5 -5 9 7 17 8 -10 10 -12 -13 -14 14 -16 -17 -18 18 -20
leaf_value=0.15157161770864974 -0.15111140372024642 -0.058541483286590812 -0.10593680348064079 0.0039724226391305286 0.034406271944310028 0.030888918554073715 0.053411748048595407 -0.030922686488562775 0.031847832334323194 0.042801717226229725 0.16636799800395966 0.010112171894974178 -0.043845997394299979 0.051695580276074238 -0.036261039723435209 -0.024645848484004588 0.12428136413588244 -0.13665957975387574 -0.0032497137644434278
leaf_weight=43 54 168 61 879 703 332 88 1131 127 199 50 45 102 135 270 103 68 30 395
leaf_count=43 54 168 61 879 703 332 88 1131 127 199 50 45 102 135 270 103 68 30 395
internal_value=0.000863455 0.0185236 -0.0194896 -0.00605846 0.0344011 -0.0150468 0.010465 -0.0124041 -0.0245858 0.0485046 0.07977 0.0792344 -0.0809763 0.00583931 -0.0105317 0.0186571 0.0635531 -0.00133176 -0.0126669
internal_weight=4983 2668 2315 1047 1621 2159 601 2098 1258 1020 317 88 156 840 508 238 267 513 425
internal_count=4983 2668 2315 1047 1621 2159 601 2098 1258 1020 317 88 156 840 508 238 267 513 425
is_linear=0
shrinkage=0.04


Tree=6
num_leaves=20
num_cat=0
split_feature=30 51 27 51 60 64 2 60 9 10 52 52 7 13 63 34 56 15 30
split_gain=1031.66 624.672 413.037 393.481 391.931 361.491 373.906 305.927 274.391 265.453 230.76 225.871 219.97 208.861 213.403 201.405 200.199 199.156 204.978
threshold=0.18795289855072467 8.0645491639363609 5.506756756756757 8.0645491639363609 8.132176573426575 8.2498491327676877 4.0250000000000012 7.8127110389610399 -3.2928571428571423 1.7058924485125859 1.0000000180025095e-35 39.500000000000007 3.834142394822007 0.30816714150047492 1.337120965328263 7.9500000000000011 1.4715957653457659 0.61250000000000016 -1.2137002341920373
decision_type=2 2 2 2 2 2 2 2 2 2 2 2 2 2 2 2 2 2 2
left_child=1 5 4 8 7 17 -7 -3 -2 11 16 13 -12 -5 -15 -16 -10 -1 -19
right_child=3 2 -4 9 -6 6 -8 -9 10 -11 12 -13 -14 14 15 -17 -18 18 -20
leaf_value=-0.051334408415537894 -0.13823561223541819 0.034252608841320253 0.095723990945388429 -0.076214146537875588 0.0048678507008268401 -0.078755903133606336 -0.0051570096358543992 0.098139316235819174 -0.051066385127671136 0.083949714662893776 0.03485008279259285 0.021816497737353738 -0.031565276278163537 -0.025869063079771069 0.063447339565170055 -0.0083228351787335616 -0.15641834474526919 0.056993052119849834 0.0070887371257542242
leaf_weight=66 41 530 161 88 623 166 330 155 111 53 89 312 771 540 98 173 39 186 451
leaf_count=66 41 530 161 88 623 166 330 155 111 53 89 312 771 540 98 173 39 186 451
internal_value=0.000828917 0.0177826 0.0352687 -0.01871 0.0278273 -0.00364106 -0.0297889 0.0487087 -0.036795 -0.00367252 -0.0326771 -0.00750735 -0.0246921 -0.0176843 -0.0113333 0.017631 -0.0784579 0.0148075 0.0216605
internal_weight=4983 2668 1469 2315 1308 1199 496 685 1051 1264 1010 1211 860 899 811 271 150 703 637
internal_count=4983 2668 1469 2315 1308 1199 496 685 1051 1264 1010 1211 860 899 811 271 150 703 637
is_linear=0
shrinkage=0.04


Tree=7
num_leaves=20
num_cat=0
split_feature=64 51 27 51 22 52 65 26 7 7 51 41 48 64 29 23 6 44 16
split_gain=955.731 584.335 517.109 375.737 290.551 367.451 277.17 262.934 246.798 227.789 281.575 226.22 227.996 309.357 227.264 220.398 217.444 217.395 208.07
threshold=8.2286558385340083 8.0000668449197878 5.2508064516129043 8.0645491639363609 5.2225274725274735 10.500000000000002 1.0000000180025095e-35 4.2426470588235299 4.9856107660455491 3.9760470453241541 7.9897803060081243 1.8541770186335407 7.830459672999635 6.0935291265975922 1.1500000000000001 4.7429882044560951 4.8480769230769232 1.2437359943977595 3.2750000000000004
decision_type=2 2 2 2 2 2 2 2 2 2 2 2 2 2 2 2 2 2 2
left_child=2 9 3 8 7 -6 -5 -3 11 -2 -11 -1 -13 -14 -15 -7 -12 -8 -4
right_child=1 4 18 6 5 15 17 -9 -10 10 16 12 13 14 -16 -17 -18 -19 -20
leaf_value=-0.077033836233849615 0.00098773587313858249 -0.010849726756169187 0.034923751778945238 0.077158014851731141 -0.11387610863994908 -0.074463499468146704 0.037447916361631133 0.026538810122666547 -0.042687675501989278 -0.038410351313600127 -0.060935306495580925 0.025626946488236969 -0.14204865511258444 0.019445817054836615 -0.076350205709349445 0.019654056471631383 -0.1677930906355381 -0.00036807334807611281 0.099385002758595853
leaf_weight=51 185 594 167 154 74 57 510 610 230 738 78 494 30 157 53 132 50 465 154
leaf_count=51 185 594 167 154 74 57 510 610 230 738 78 494 30 157 53 132 50 465 154
internal_value=0.00079576 -0.0165368 0.018501 0.011412 -0.00022698 -0.0383153 0.0272893 0.00809297 -0.00624848 -0.0393023 -0.0479093 0.00442797 0.0100881 -0.0218959 -0.00473127 -0.0087306 -0.102677 0.0194126 0.0658491
internal_weight=4983 2518 2465 2144 1467 263 1129 1204 1015 1051 866 785 734 240 210 189 128 975 321
internal_count=4983 2518 2465 2144 1467 263 1129 1204 1015 1051 866 785 734 240 210 189 128 975 321
is_linear=0
shrinkage=0.04


Tree=8
num_leaves=20
num_cat=0
split_feature=30 51 65 27 51 64 3 43 9 3 3 59 47 52 55 60 7 53 10
split_gain=907.283 537.488 423.827 362.895 334.242 302.668 262.108 255.59 249.837 246.68 230.696 201.751 212.365 199.218 223.811 198.737 196.984 191.698 187.471
threshold=0.18795289855072467 8.0645491639363609 1.0000000180025095e-35 5.506756756756757 8.0645491639363609 8.2498491327676877 4.8469982078853056 1.7501633986928107 -3.2928571428571423 4.9479110146500282 4.1783268101761264 8.3998424369747919 8.8452189915347841 1.0000000180025095e-35 3.4642901371074752 8.132176573426575 3.834142394822007 6.069521654815774 -1.4207173985920212
decision_type=2 2 2 2 2 2 2 2 2 2 2 2 2 2 2 2 2 2 2
left_child=1 5 10 15 8 7 -7 17 -2 18 -3 12 -11 14 -10 -4 -15 -1 -6
right_child=4 2 3 -5 9 6 -8 -9 13 11 -12 -13 -14 16 -16 -17 -18 -19 -20
leaf_value=0.016118764302861716 -0.131023100498246 0.20160483308136465 0.03642016828109821 0.086107756931509752 -0.060688534442867551 -0.043923643034712606 0.023228292366670025 0.071554284882373531 -0.14091011774890563 0.16109202970157971 0.070404642251821664 0.0019163400466953005 0.034760835061470673 0.033466418365414224 -0.037766291130371769 0.0041655004416916814 -0.029383117128767546 -0.037351507231593133 -0.005919455081216456
leaf_weight=459 41 32 600 149 112 372 124 104 51 33 65 126 60 89 99 623 771 140 933
leaf_count=459 41 32 600 149 112 372 124 104 51 33 65 126 60 89 99 623 771 140 933
internal_value=0.00076393 0.0166629 0.0328829 0.02717 -0.0175594 -0.00320962 -0.0271357 0.0136713 -0.0342275 -0.00370002 0.113687 0.0349002 0.079588 -0.0302982 -0.0728352 0.0199895 -0.0228789 0.00362154 -0.0117894
internal_weight=4983 2668 1469 1372 2315 1199 496 703 1051 1264 97 219 93 1010 150 1223 860 599 1045
internal_count=4983 2668 1469 1372 2315 1199 496 703 1051 1264 97 219 93 1010 150 1223 860 599 1045
is_linear=0
shrinkage=0.04


Tree=9
num_leaves=20
num_cat=0
split_feature=30 51 65 27 51 64 2 10 9 22 65 3 3 63 52 56 41 7 6
split_gain=836.152 495.349 390.599 334.444 308.037 278.939 335.375 236.011 230.25 220.362 337.041 316.413 212.61 188.097 183.599 184.665 181.58 181.54 179.168
threshold=0.18795289855072467 8.0645491639363609 1.0000000180025095e-35 5.506756756756757 8.0645491639363609 8.2498491327676877 4.0250000000000012 1.7058924485125859 -3.2928571428571423 5.2225274725274735 4.5000000000000009 3.8391176470588237 4.1783268101761264 1.5031353562121488 1.0000000180025095e-35 1.4715957653457659 4.4925412087912093 3.834142394822007 4.7750000000000012
decision_type=2 2 2 2 2 2 2 2 2 2 2 2 2 2 2 2 2 2 2
left_child=1 5 12 13 8 -1 -7 9 -2 10 16 -11 -3 -4 15 -10 -6 -16 -5
right_child=4 2 3 18 7 6 -8 -9 14 11 -12 -13 -14 -15 17 -17 -18 -19 -20
leaf_value=0.01312448045534279 -0.12578217305788181 0.1935406393557787 0.012399515441763532 0.10696747821674013 0.026131156915571632 -0.07242558011089463 -0.0027220279199607444 0.079068233741904206 -0.043614384460825099 -0.11541088243244124 -0.0066264361018388805 -0.016385167463726941 0.067588456456477819 0.055429113010050719 0.032127761740363046 -0.14479669055591027 0.1222541775364502 -0.028207792451390188 0.0035017477444240024
leaf_weight=703 41 32 1030 114 82 166 330 53 111 61 681 336 65 193 89 39 51 771 35
leaf_count=703 41 32 1030 114 82 166 330 53 111 61 681 336 65 193 89 39 51 771 35
internal_value=0.000733372 0.0159964 0.0315675 0.0260832 -0.016857 -0.00308124 -0.0260502 -0.00355202 -0.0328584 -0.00716793 0.0047483 -0.0316007 0.10914 0.01919 -0.0290862 -0.0699218 0.0629904 -0.0219638 0.0826634
internal_weight=4983 2668 1469 1372 2315 1199 496 1264 1051 1211 814 397 97 1223 1010 150 133 860 149
internal_count=4983 2668 1469 1372 2315 1199 496 1264 1051 1211 814 397 97 1223 1010 150 133 860 149
is_linear=0
shrinkage=0.04


Tree=10
num_leaves=20
num_cat=0
split_feature=30 52 39 7 10 55 52 60 50 65 45 14 33 65 6 52 57 14 33
split_gain=950.664 522.609 367.231 341.405 293.617 274.668 344.978 242.017 215.466 210.875 198.368 249.051 197.644 191.973 189.589 245.652 234.907 171.175 207.558
threshold=-0.21834935897435895 4.5000000000000009 11.500000000000002 4.7749842866121943 -0.43570116350275562 4.3558431641887525 2.5000000000000004 10.895590062111804 1.3636172911005213 1.0000000180025095e-35 1.0905007002801124 8.0500000000000025 0.59316189362945659 2.5000000000000004 3.683333333333334 1.0000000180025095e-35 1.3794742370632465 7.4500000000000011 0.62345301757066474
decision_type=2 2 2 2 2 2 2 2 2 2 2 2 2 2 2 2 2 2 2
left_child=3 2 -2 5 10 -1 -7 8 13 -8 11 -3 -9 -6 -4 16 -16 -17 -19
right_child=1 4 14 -5 7 6 9 12 -10 -11 -12 -13 -14 -15 15 17 -18 18 -20
leaf_value=0.01210698502461526 0.027448121780877584 -0.026147865715414977 -0.0057728412610933534 -0.0072426965622904562 0.073163915270382601 -0.017838367154555661 0.11678742027282715 -0.050458808037519606 -0.014221129187707945 0.049724558578550536 -0.018677583699788673 -0.17631354784965517 0.045245677204359146 0.014230878719118446 -0.073757979086576372 0.0014167791028817495 -0.18482396846860649 -0.050555576973379 -0.15358729657373929
leaf_weight=605 91 43 86 451 97 112 85 194 421 639 724 30 42 1002 78 75 50 177 38
leaf_count=605 91 43 86 451 97 112 85 194 421 639 724 30 42 1002 78 75 50 177 38
internal_value=0.000721034 -0.0127469 -0.0465066 0.0231296 -0.00487892 0.0326355 0.0474917 0.00425994 0.0101113 0.057598 -0.0250142 -0.0878598 -0.0334267 0.0194324 -0.0598595 -0.0709874 -0.117143 -0.0506152 -0.0687658
internal_weight=5040 3148 595 1892 2553 1441 836 1756 1520 724 797 73 236 1099 504 418 128 290 215
internal_count=5040 3148 595 1892 2553 1441 836 1756 1520 724 797 73 236 1099 504 418 128 290 215
is_linear=0
shrinkage=0.04


Tree=11
num_leaves=20
num_cat=0
split_feature=30 52 19 7 10 55 52 4 61 43 47 45 14 27 22 47 57 40 53
split_gain=876.132 481.636 371.114 314.639 270.597 253.134 317.932 269.01 239.267 259.907 184.015 182.816 229.525 176.803 202.952 216.304 199.305 170.788 188.462
threshold=-0.21834935897435895 4.5000000000000009 10.500000000000002 4.7749842866121943 -0.43570116350275562 4.3558431641887525 2.5000000000000004 5.4500000000000011 8.3465861344537835 1.4212406015037597 6.0431418581418592 1.0905007002801124 8.0500000000000025 4.6489713963646624 4.1909090909090922 6.9831103494029199 1.4665476190476194 4.5011312217194588 4.4993212669683267
decision_type=2 2 2 2 2 2 2 2 2 2 2 2 2 2 2 2 2 2 2
left_child=3 2 -2 5 11 -1 -7 -8 9 17 -11 12 -3 14 -4 -16 -17 -6 -19
right_child=1 4 13 -5 8 6 7 -9 -10 10 -12 -13 -14 -15 15 16 -18 18 -20
leaf_value=0.011622705762051353 0.031689397321007721 -0.025101951402287152 -0.016841844591763938 -0.0069529887141779627 0.023626603287103313 -0.017124832027724812 0.045703862927827327 0.11728417226603044 -0.010212049202430197 0.065182274409702853 -0.025574953718576578 -0.017930480134544784 -0.16926100564002991 0.0044351530261337755 -0.031129360290206212 -0.081124386098235843 -0.16550057880959268 0.028439046918857295 0.12914757859475653
leaf_weight=605 87 43 101 451 449 112 627 97 906 42 240 724 30 64 98 186 59 61 58
leaf_count=605 87 43 101 451 449 112 627 97 906 42 240 724 30 64 98 186 59 61 58
internal_value=0.000692193 -0.012237 -0.0446463 0.0222045 -0.00468376 0.0313301 0.045592 0.055294 0.00408954 0.0193334 -0.0120579 -0.0240137 -0.0843454 -0.0577195 -0.0666788 -0.0813538 -0.101444 0.0349185 0.0775239
internal_weight=5040 3148 595 1892 2553 1441 836 724 1756 850 282 797 73 508 444 343 245 568 119
internal_count=5040 3148 595 1892 2553 1441 836 724 1756 850 282 797 73 508 444 343 245 568 119
is_linear=0
shrinkage=0.04


Tree=12
num_leaves=20
num_cat=0
split_feature=30 52 39 60 10 59 44 7 4 46 48 57 26 9 59 56 51 44 49
split_gain=807.443 443.876 311.814 299.2 249.382 220.53 246.3 213.626 231.049 178.111 195.754 229.743 193.918 171.027 170.03 201.425 169.755 174.346 225.64
threshold=-0.21834935897435895 4.5000000000000009 11.500000000000002 8.5845492742551581 -0.43570116350275562 8.2516968325791868 1.257667698658411 4.7749842866121943 5.4500000000000011 11.210070850202431 6.9973017948438123 1.4695343137254904 4.0513157894736844 1.5500000000000003 6.8985294117647067 1.8524087024087026 9.4893403211176981 1.3399019607843141 3.5215197810214907
decision_type=2 2 2 2 2 2 2 2 2 2 2 2 2 2 2 2 2 2 2
left_child=3 2 -2 7 -3 6 -6 8 14 10 -4 -12 -13 -8 15 -1 17 18 -5
right_child=1 4 9 16 5 -7 13 -9 -10 -11 11 12 -14 -15 -16 -17 -18 -19 -20
leaf_value=0.0042998140927223739 0.02528609274016632 -0.023053107391411864 -0.023223224441482598 -0.041781794432504675 0.039512750015890198 -0.010314043782890117 -0.016442184836628137 0.0032116706904348914 0.091353427995252243 0.031880117133259771 -0.060966737230950266 -0.21969405221939087 -0.086541410017581213 0.041900924695389613 0.052596416136729392 0.081977001092736687 0.032308854928562759 -0.037261534506920727 0.041566238103916159
leaf_weight=351 91 797 146 81 434 874 343 298 131 35 251 30 42 105 404 63 179 240 145
leaf_count=351 91 797 146 81 434 874 343 298 131 35 251 30 42 105 404 63 179 240 145
internal_value=0.000664505 -0.0117476 -0.0428604 0.0213163 -0.00449641 0.00392596 0.0180368 0.0327563 0.0420338 -0.0551647 -0.0616606 -0.0790347 -0.142022 -0.00276802 0.0341354 0.0161203 -0.000801092 -0.0135193 0.0116937
internal_weight=5040 3148 595 1892 2553 1756 882 1247 949 504 469 323 72 448 818 414 645 466 226
internal_count=5040 3148 595 1892 2553 1756 882 1247 949 504 469 323 72 448 818 414 645 466 226
is_linear=0
shrinkage=0.04


Tree=13
num_leaves=20
num_cat=0
split_feature=30 60 52 19 52 7 48 65 63 60 57 46 3 3 35 54 48 40 30
split_gain=753.483 362.166 341.15 287.806 260.115 244.607 242.223 292.18 232.698 222.892 242.712 209.548 200.748 196.258 184.706 181.672 171.019 189.719 167.527
threshold=0.17853980520003224 8.0429464285714296 4.5000000000000009 10.500000000000002 1.0000000180025095e-35 4.7294481981981997 5.8307330169830172 3.5000000000000004 1.6667515491044906 7.9531296992481204 1.6003891941391946 11.210070850202431 4.6965749414519911 3.586754241926656 0.95000000000000007 4.8443996019460425 11.571785714285717 2.8866071428571431 0.42245131729667817
decision_type=2 2 2 2 2 2 2 2 2 2 2 2 2 2 2 2 2 2 2
left_child=1 4 3 -2 15 8 -4 14 13 10 12 -5 -6 -3 -8 -1 -9 -18 -16
right_child=2 5 6 11 9 -7 7 16 -10 -11 -12 -13 -14 -15 18 -17 17 -19 -20
leaf_value=0.00085209846864511937 0.032572612875983828 -0.057221950472969754 -0.062912387276282081 -0.067802513171740561 0.0032464831484509959 -0.033011439678484002 -0.029000171828777233 -0.01317162065174542 0.092105855941772466 0.074067825752821184 0.059056390549292348 0.042160876492659254 0.044047354590538497 0.0099975326456349777 0.14469224364526811 -0.11437705556551615 0.12458754471232814 -0.01535482979589893 0.040813126344680789
leaf_weight=81 63 76 122 366 593 290 47 1505 51 186 284 30 286 812 31 30 31 31 125
leaf_count=81 63 76 122 366 593 290 47 1505 51 186 284 30 286 812 31 30 31 31 125
internal_value=0.000637925 0.0150994 -0.0159026 -0.0468384 0.0285678 -0.000900562 -0.00839762 -0.0046401 0.00901654 0.0334109 0.0269086 -0.059472 0.0165219 0.00424451 0.0405128 -0.0302909 -0.0104895 0.0546164 0.0614558
internal_weight=5040 2689 2351 459 1460 1229 1892 1770 939 1349 1163 396 879 888 203 111 1567 62 156
internal_count=5040 2689 2351 459 1460 1229 1892 1770 939 1349 1163 396 879 888 203 111 1567 62 156
is_linear=0
shrinkage=0.04


Tree=14
num_leaves=20
num_cat=0
split_feature=30 52 19 51 3 65 47 57 46 3 9 56 65 58 5 43 44 50 50
split_gain=696.082 379.758 296.634 277.153 239.153 235.672 218.198 207.147 242.411 220.979 196.049 248.229 190.756 212.972 205.139 197.298 196.608 224.374 218.553
threshold=-0.21834935897435895 4.5000000000000009 10.500000000000002 8.0645491639363609 5.6186826843413433 1.0000000180025095e-35 7.5048214285714296 1.6188808985132517 5.8894957983193281 4.9688711240310086 -2.7499999999999996 1.1500933706816063 7.5000000000000009 1.5399563388108282 5.4222222222222234 1.4921855921855924 0.93358543417366946 1.1280337397196643 1.3636172911005213
decision_type=2 2 2 2 2 2 2 2 2 2 2 2 2 2 2 2 2 2 2
left_child=3 2 -2 6 10 -5 7 9 -9 -1 11 -3 13 14 16 -14 -12 -18 -19
right_child=1 4 -4 5 -6 -7 -8 8 -10 -11 12 -13 15 -15 -16 -17 17 18 -20
leaf_value=-0.0085192289379926837 0.028556923557972087 -0.13271663860163904 -0.051378125901238657 0.10386580007386879 0.052422312640895447 0.028393337971343451 -0.022546321700989122 0.0054428041696548456 0.12713559599356219 0.065693220803979782 0.09071499657817185 -0.0084892769302091289 -0.0023195523164018044 0.088782161474227905 0.076350336651007336 -0.031743259238645107 -0.10883287715911866 0.02874868651415095 -0.042819322509280708
leaf_weight=325 87 44 508 71 114 979 332 50 55 80 32 62 1369 60 60 497 35 162 118
leaf_count=325 87 44 508 71 114 979 332 50 55 80 32 62 1369 60 60 497 35 162 118
internal_value=0.000612408 -0.010912 -0.0396901 0.0197873 -0.00420498 0.0334967 0.00269113 0.0191202 0.0691866 0.00614002 -0.00685176 -0.0600554 -0.00443445 0.0184289 0.00805739 -0.0101564 -0.00375119 -0.0133478 -0.00141212
internal_weight=5040 3148 595 1892 2553 1050 842 510 105 405 2439 106 2333 467 407 1866 347 315 280
internal_count=5040 3148 595 1892 2553 1050 842 510 105 405 2439 106 2333 467 407 1866 347 315 280
is_linear=0
shrinkage=0.04


Tree=15
num_leaves=20
num_cat=0
split_feature=30 52 51 39 10 59 61 65 16 7 43 62 57 13 61 48 53 58 2
split_gain=608.722 336.379 314.117 293.326 289.067 251.187 236.964 230.86 188.277 183.459 181.548 285.969 205.73 175.728 188.078 173.549 171.98 245.425 171.787
threshold=1.0000000180025095e-35 14.500000000000002 8.0645491639363609 120.50000000000001 -0.36157395539605225 8.8602133160956722 8.5196118220015293 44.500000000000007 3.8166666666666669 5.9289215686274526 1.3626912303382892 4.1598377181435611 1.0944092508798393 0.28623949579831937 11.926875000000001 11.925877504848096 3.2500000000000013 1.3499681690858163 3.9750000000000005
decision_type=2 2 2 2 2 2 2 2 2 2 2 2 2 2 2 2 2 2 2
left_child=2 3 13 15 9 10 7 -4 -8 18 -6 12 -12 -1 -15 -2 -5 -18 -3
right_child=1 4 6 16 5 -7 8 -9 -10 -11 11 -13 -14 14 -16 -17 17 -19 -20
leaf_value=-0.054946339823478879 -0.023819666638831033 0.0057450117724282398 0.051290440620927281 -0.021452940043712419 0.046178622893253335 -0.01052264129278394 -0.0059023360790699487 -0.0081873698738532345 0.056013094776808617 -0.10351031234098036 0.024312967445169177 0.048570594930648803 -0.088604117471780347 0.0083459036282596457 -0.078158205236707426 0.047545773306026544 -0.15643686794908718 -0.041218458992513744 -0.043370157324931997
leaf_weight=86 909 245 691 63 378 433 381 123 99 43 42 100 67 946 42 58 64 55 213
leaf_count=86 909 245 691 63 378 433 381 123 99 43 42 100 67 946 42 58 64 55 213
internal_value=0.00112209 -0.011972 0.0158861 -0.0283072 0.000367972 0.0125892 0.0291585 0.042303 0.00686772 -0.0245135 0.0296376 -0.000278812 -0.0450948 -0.000105033 0.0046686 -0.0195392 -0.0748929 -0.103185 -0.0170968
internal_weight=5038 2670 2368 1149 1521 1020 1294 814 480 501 587 209 109 1074 988 967 182 119 458
internal_count=5038 2670 2368 1149 1521 1020 1294 814 480 501 587 209 109 1074 988 967 182 119 458
is_linear=0
shrinkage=0.04


Tree=16
num_leaves=20
num_cat=0
split_feature=30 52 15 60 57 10 5 26 9 61 36 30 59 4 16 3 1 14 49
split_gain=560.998 312.385 284.999 264.447 231.6 225.536 220.419 219.086 217.978 243.411 217.038 240.671 214.167 209.514 198.112 197.07 217.802 194.593 175.286
threshold=1.0000000180025095e-35 17.500000000000004 0.61250000000000016 8.0000840336134473 1.3502976190476195 -0.36157395539605225 3.9500000000000006 4.1464285714285731 2.8500000000000001 8.3660888009049774 2.8444444444444446 -0.68857758620689646 10.673949579831936 4.6333333333333337 4.0500000000000007 5.5350474942679346 4.8444444444444459 7.8500000000000005 2.9057423498233343
decision_type=2 2 2 2 2 2 2 2 2 2 2 2 2 2 2 2 2 2 2
left_child=2 8 4 10 13 -3 -6 17 9 14 11 -4 18 -1 15 16 -2 -5 -7
right_child=1 5 3 7 6 12 -8 -9 -10 -11 -12 -13 -14 -15 -16 -17 -18 -19 -20
leaf_value=-0.03520859205060535 -0.010790284242175053 -0.020974304374041304 0.0732836719951446 0.016550661489203734 -0.0011306564013163249 0.11065560729163033 -0.12890915367338393 0.014867423385254987 0.058495997445036967 -0.045636467543940976 0.017209365919187952 0.017194782799512299 -0.026692795604908254 0.074076762925023618 0.050258836098512012 0.080816991726557416 -0.07199304540455341 -0.057974106837829498 0.018881399086683338
leaf_weight=72 414 448 318 91 36 35 54 735 48 646 671 199 169 46 75 30 120 146 685
leaf_count=72 414 448 318 91 36 35 54 735 48 646 671 199 169 46 75 30 120 146 685
internal_value=0.00107721 -0.0114931 0.0152507 0.0195569 -0.0294677 0.00216839 -0.0777978 0.00408379 -0.0251956 -0.0283219 0.0322167 0.0516943 0.0138308 0.00739417 -0.0108176 -0.0189394 -0.0245437 -0.0293591 0.0233426
internal_weight=5038 2670 2368 2160 208 1337 90 972 1333 1285 1188 517 889 118 639 564 534 237 720
internal_count=5038 2670 2368 2160 208 1337 90 972 1333 1285 1188 517 889 118 639 564 534 237 720
is_linear=0
shrinkage=0.04


Tree=17
num_leaves=20
num_cat=0
split_feature=51 61 33 30 64 15 59 36 49 42 59 33 64 33 13 14 10 48 30
split_gain=536.196 460.287 324.187 221.939 217.45 224.729 396.326 197.93 194.088 277.006 213.848 226.312 218.712 186.744 177.321 164.908 164.337 255.131 205.732
threshold=8.0138662631595761 8.4046165966386592 0.5366750358680058 -1.530108390204737 8.2498491327676877 1.2750000000000001 6.8411955691367474 2.8444444444444446 5.3951519069166141 5.7405913204442625 9.0554682159945354 0.6322684246112239 8.9628197817095927 0.43913836334625034 0.4755097960815674 8.7071428571428573 -0.44774041550653237 8.0210776607293646 -0.077677224736048253
decision_type=2 2 2 2 2 2 2 2 2 2 2 2 2 2 2 2 2 2 2
left_child=2 13 4 -3 5 -1 -7 -8 9 10 12 -12 -4 15 -6 -2 17 -15 -19
right_child=1 3 8 -5 14 6 7 -9 -10 -11 11 -13 -14 16 -16 -17 -18 18 -20
leaf_value=-0.006047281383427988 0.029757391596733598 0.065559639723094948 -0.039036869469594386 -0.0086515795341337541 -0.040132691466939686 -0.01381459424821593 0.13342598669112676 0.044511486442251641 0.00098836502283811568 -0.15793019606007469 -0.10997472774023788 0.012510591937649636 0.051690756990932507 0.089692897647619244 -0.00078335554797101666 0.076748034297905277 0.026455256972283629 0.047753031687303028 -0.050045473835890808
leaf_weight=548 322 68 233 1245 363 139 63 110 150 36 109 31 52 34 370 190 773 44 158
leaf_count=548 322 68 233 1245 363 139 63 110 150 36 109 31 52 34 370 190 773 44 158
internal_value=0.00103412 0.0125421 -0.0137633 -0.0048082 -0.00426243 0.00938135 0.0364804 0.0768908 -0.0385341 -0.0513939 -0.0423696 -0.082853 -0.0224831 0.0275197 -0.0202701 0.0471953 0.0175356 -0.0116801 -0.0287428
internal_weight=5038 2834 2204 1313 1593 860 312 173 611 461 425 140 285 1521 733 512 1009 236 202
internal_count=5038 2834 2204 1313 1593 860 312 173 611 461 425 140 285 1521 733 512 1009 236 202
is_linear=0
shrinkage=0.04


Tree=18
num_leaves=20
num_cat=0
split_feature=30 52 39 7 65 61 40 50 43 61 25 48 14 43 34 36 47 20 36
split_gain=482.842 286.173 264.306 246.383 252.189 238.424 232.7 302.764 222.935 219.945 217.934 180.465 180.66 184.937 177.504 215.065 172.518 165.304 161.829
threshold=1.0000000180025095e-35 14.500000000000002 120.50000000000001 5.9289215686274526 3.5000000000000004 8.4722932330827074 5.5100399600399612 1.3224744035825049 1.4921855921855924 10.318750531589156 6.366666666666668 8.0010609243697495 8.8819444444444464 1.3717021540550953 7.7750000000000012 3.2928571428571431 11.997857142857145 6.1000000000000005 2.0500000000000003
decision_type=2 2 2 2 2 2 2 2 2 2 2 2 2 2 2 2 2 2 2
left_child=5 2 16 4 6 11 7 -3 9 -6 -7 17 -13 -14 15 -10 18 -1 -2
right_child=1 3 -4 -5 8 10 -8 -9 14 -11 -12 12 13 -15 -16 -17 -18 -19 -20
leaf_value=0.0049337659409646557 0.069554517070452376 0.068723904007384859 -0.069957252026095498 -0.092562160904265264 0.016210010777956686 -0.0085241219522220885 0.12843386396117834 -0.086068399031956982 -0.037089728164672854 -0.033494124310307724 0.06509244884763446 0.024044478649712868 0.087164191421815918 0.0099622804876686871 -0.047364786656633504 0.087347627639770511 0.047699202483550453 0.090637583826717577 -0.024925515299267453
leaf_weight=687 30 62 182 44 829 796 46 30 50 172 70 531 177 69 248 40 61 38 876
leaf_count=687 30 62 182 44 829 796 46 30 50 172 70 531 177 69 248 40 61 38 876
internal_value=0.000992756 -0.0106691 -0.025736 0.000712764 0.00349143 0.0141419 0.0549767 0.0182482 -0.00181474 0.00766944 -0.00257359 0.0237795 0.0371726 0.06551 -0.0299025 0.0182158 -0.0174131 0.00942583 -0.021797
internal_weight=5038 2670 1149 1521 1477 2368 138 92 1339 1001 866 1502 777 246 338 90 967 725 906
internal_count=5038 2670 1149 1521 1477 2368 138 92 1339 1001 866 1502 777 246 338 90 967 725 906
is_linear=0
shrinkage=0.04


Tree=19
num_leaves=20
num_cat=0
split_feature=30 52 15 60 25 36 30 9 61 50 7 60 28 16 56 7 54 54 32
split_gain=444.987 264.772 254.223 221.102 206.935 201.982 224.698 196.853 216.629 194.154 192.573 203.348 183.57 180.745 175.482 173.795 173.664 172.427 265.735
threshold=1.0000000180025095e-35 17.500000000000004 0.68333333333333346 8.0000840336134473 6.366666666666668 2.8444444444444446 -0.68857758620689646 2.8500000000000001 8.3660888009049774 1.2290883050073502 4.8699677938808383 11.315892857142858 -1.0999999999999999 4.0500000000000007 1.3726724664224665 3.9968152866242042 7.7448214285714299 3.6457563025210091 0.58571428571428574
decision_type=2 2 2 2 2 2 2 2 2 2 2 2 2 2 2 2 2 2 2
left_child=2 7 14 5 -5 6 9 8 13 -4 11 16 -8 15 -1 -2 17 18 -3
right_child=1 10 3 4 -6 -7 12 -9 -10 -11 -12 -13 -14 -15 -16 -17 -18 -19 -20
leaf_value=0.0016330015564721728 0.026801825875821323 0.062260018736648728 0.1119250660498034 -0.0019165189429274931 0.066426155412351931 0.014782728539938011 -0.034120867603311414 0.056675380562276889 -0.042162645125974993 0.0461620608360871 -0.029319595478773115 -0.042207554272555438 0.044952159601498426 0.049022949012120565 -0.072741344185436471 -0.028310215868769348 0.095970228765068985 -0.0037010122680536505 -0.0011496300569602423
leaf_weight=126 115 213 110 893 77 671 76 48 646 207 250 109 123 75 85 449 41 514 210
leaf_count=126 115 213 110 893 77 671 76 48 646 207 250 109 123 75 85 449 41 514 210
internal_value=0.000953045 -0.0102424 0.0135762 0.0176754 0.00350862 0.0292523 0.0480683 -0.0228575 -0.0258283 0.068982 0.002335 0.00961527 0.0147534 -0.00931511 -0.0283282 -0.0170728 0.015391 0.0118651 0.0307801
internal_weight=5038 2670 2368 2157 970 1187 516 1333 1285 317 1337 1087 199 639 211 564 978 937 423
internal_count=5038 2670 2368 2157 970 1187 516 1333 1285 317 1337 1087 199 639 211 564 978 937 423
is_linear=0
shrinkage=0.04


Tree=20
num_leaves=20
num_cat=0
split_feature=52 62 29 50 9 51 27 47 64 58 14 36 8 55 9 11 64 44 61
split_gain=431.733 309.541 333.33 360.531 286.934 244.121 235.285 199.437 192.136 288.398 214.672 280.798 260.339 188.112 187.129 193.947 191.461 186.523 179.002
threshold=6.5000000000000009 4.4030559536936957 0.61250000000000016 1.4260705576511985 2.4500000000000006 8.0000668449197878 4.3972995090016376 6.0841443850267387 8.3678412990278499 1.1773599439775915 7.0500000000000007 4.0500000000000007 -0.77499999999999991 8.0428571428571445 -2.8499999999999992 0.36666666666666675 8.057153995049239 1.6217156862745099 7.0879904593416319
decision_type=2 2 2 2 2 2 2 2 2 2 2 2 2 2 2 2 2 2 2
left_child=4 5 -3 -4 8 14 -6 -7 9 -1 -10 -12 -13 -11 -2 16 -16 -5 -9
right_child=1 2 3 17 6 7 -8 18 10 13 11 12 -14 -15 15 -17 -18 -19 -20
leaf_value=0.052053245919422036 -0.11153984289509909 0.031193856340910361 0.0080525547313935516 -0.12738684301023129 0.12717599727012016 0.10759045793164161 -0.0058787642598152161 0.035638252575194741 0.010592317235357356 -0.014954755681316297 -0.039174187408728155 -0.21218743108933971 -0.060847731425680902 -0.11357006052226731 0.077347229152429295 -0.028204271394846051 -0.011300336437092886 -0.0077869134089526004 -0.0025333134709322191
leaf_weight=103 35 1204 410 54 37 31 50 244 106 498 407 31 44 33 61 559 108 34 1011
leaf_count=103 35 1204 410 54 37 31 50 244 106 498 407 31 44 33 61 559 108 34 1011
internal_value=0.000299286 0.0072015 0.0198092 -0.00771505 -0.0194793 -0.0032711 0.0507077 0.00736381 -0.0244763 -0.00920157 -0.040946 -0.0522801 -0.123401 -0.0210834 -0.0211957 -0.0168523 0.0206967 -0.0811778 0.00488809
internal_weight=5060 3751 1702 498 1309 2049 87 1286 1222 634 588 482 75 531 763 728 169 88 1255
internal_count=5060 3751 1702 498 1309 2049 87 1286 1222 634 588 482 75 531 763 728 169 88 1255
is_linear=0
shrinkage=0.04


Tree=21
num_leaves=20
num_cat=0
split_feature=65 51 33 13 60 12 50 61 50 48 30 16 60 21 33 48 16 33 57
split_gain=397.914 333.198 303.616 264.831 262.787 245.402 227.262 199.62 194.134 192.143 190.233 173.518 169.708 169.275 165.169 152.905 150.944 211.74 150.73
threshold=1.0000000180025095e-35 8.0645491639363609 0.5366750358680058 0.49424983476536688 8.5255147058823528 0.68333333333333346 1.3224744035825049 11.550171886936594 1.3995294103163183 7.9995670995671011 0.629330943847073 2.9500000000000006 7.5397058823529424 5.5500000000000007 0.35050715707650021 7.4385897435897439 2.7250000000000005 0.45601135190918479 1.6135035552682615
decision_type=2 2 2 2 2 2 2 2 2 2 2 2 2 2 2 2 2 2 2
left_child=6 2 3 5 15 9 -1 10 11 12 13 -8 18 -5 -6 -3 17 -17 -2
right_child=1 4 -4 7 14 -7 8 -9 -10 -11 -12 -13 -14 -15 -16 16 -18 -19 -20
leaf_value=0.075674449526733412 0.0048690196352811597 0.074324113059043878 -0.039083227634023769 0.020300837849258284 0.038460043150390318 -0.12063865264726652 -0.07810733397509538 -0.079145535060337613 0.054055912703909775 -0.054508111740676518 0.11401827510446311 0.023879842768822396 -0.021609681583077807 -0.057315632573195864 -0.011523057665382044 0.035030620694303745 0.024200472510530417 -0.028400737245461931 0.083109866459758916
leaf_weight=163 201 75 587 545 117 37 51 35 94 161 32 56 410 49 1103 130 926 239 49
leaf_count=163 201 75 587 545 117 37 51 35 94 161 32 56 410 49 1103 130 926 239 49
internal_value=0.000287314 -0.00283564 -0.0146516 -0.00521025 0.00677222 -0.0198699 0.0405769 0.0138184 0.0121147 -0.0153285 0.0190161 -0.0247309 -0.00577108 0.0138981 -0.0067296 0.0187957 0.0155798 -0.00605365 0.0202042
internal_weight=5060 4696 2106 1519 2590 858 364 661 201 821 626 107 660 594 1220 1370 1295 369 250
internal_count=5060 4696 2106 1519 2590 858 364 661 201 821 626 107 660 594 1220 1370 1295 369 250
is_linear=0
shrinkage=0.04


Tree=22
num_leaves=20
num_cat=0
split_feature=52 65 33 3 33 35 44 60 45 21 20 34 33 30 27 19 62 52 65
split_gain=390.998 399.526 242.05 220.966 215.814 242.29 207.604 195.038 212.41 184.882 222.101 175.733 228.551 187.353 170.188 169.814 185.422 167.076 169.455
threshold=4.5000000000000009 1.0000000180025095e-35 0.34552139037433161 4.6877500000000003 0.42629304867200407 0.95000000000000007 1.2001398601398601 6.9825757575757583 1.6308515993810115 3.4500000000000006 3.1000000000000005 9.1333333333333346 0.5327784978511495 1.5021739130434784 4.355050933786079 14.500000000000002 4.4961000931288977 1.0000000180025095e-35 3.5000000000000004
decision_type=2 2 2 2 2 2 2 2 2 2 2 2 2 2 2 2 2 2 2
left_child=9 4 -3 7 -2 -6 -7 8 -4 -1 -11 -5 -13 -14 -10 16 -12 18 -17
right_child=1 2 3 11 5 6 -8 -9 14 10 15 12 13 -15 -16 17 -18 -19 -20
leaf_value=0.011574636935478165 0.12556774882865804 0.032863935381851415 0.019670151949461017 0.023191719461118393 -0.035950564415949696 0.14109347470849751 0.029009945562634712 -0.014233463505567836 -0.12675143337249756 -0.10329626352556291 -0.04571098327636719 0.016994382239987744 -0.10389853932199972 0.014953442877158524 0.0048854746240558043 -0.14498408500637328 0.046057050739015851 -0.019921184358230284 -0.047239205623418094
leaf_weight=210 56 385 560 829 53 40 78 1746 30 62 55 136 63 32 33 35 98 409 150
leaf_count=210 56 385 560 829 53 40 78 1746 30 62 55 136 63 32 33 35 98 409 150
internal_value=0.000275822 0.00585943 0.00279104 -0.000585474 0.0574138 0.0350944 0.0670044 -0.00737765 0.0118362 -0.0218668 -0.0305476 0.0145944 -0.0162591 -0.0638642 -0.0577988 -0.0245095 0.0130685 -0.0341887 -0.0657315
internal_weight=5060 4041 3814 3429 227 171 118 2369 623 1019 809 1060 231 95 63 747 153 594 185
internal_count=5060 4041 3814 3429 227 171 118 2369 623 1019 809 1060 231 95 63 747 153 594 185
is_linear=0
shrinkage=0.04


Tree=23
num_leaves=20
num_cat=0
split_feature=52 65 9 27 14 45 36 51 30 59 50 44 61 34 46 48 50 61 20
split_gain=362.436 395.854 261.204 217.21 206.454 202.408 244.496 182.961 255.221 239.029 203.557 244.157 168.766 168.299 166.203 163.841 232.144 223.883 220.588
threshold=6.5000000000000009 1.0000000180025095e-35 2.4500000000000006 4.3972995090016376 5.9500000000000011 1.1006995575290015 2.5857142857142863 8.0645491639363609 0.5103956834532376 7.7857142857142874 1.3501230267935636 1.0268382352941179 10.173020489572348 6.2111111111111121 12.801809954751134 8.863448743341733 1.2516217772534117 7.5416766321913382 4.9000000000000012
decision_type=2 2 2 2 2 2 2 2 2 2 2 2 2 2 2 2 2 2 2
left_child=2 5 13 -4 -3 -2 -7 8 10 15 11 -6 -13 -1 -11 -9 17 -17 -18
right_child=1 4 3 -5 7 6 -8 9 -10 14 -12 12 -14 -15 -16 16 18 -19 -20
leaf_value=0.045753586400638931 0.13976553271456463 0.087621064367501625 0.12258150190920443 -0.0052605379521846775 -0.043064164919288536 0.12695746336877345 0.013661252541933209 0.04668025357123369 -0.035533446745901573 -0.0054982775988133802 -0.015071937764192571 0.04712834073122471 -0.029497425699675523 -0.025847411917198544 0.054809011454001459 0.064819068812652134 0.0099280314623769149 -0.005277733049458928 -0.070265126743589534
leaf_weight=55 41 46 37 50 76 40 128 351 410 1168 505 310 54 1167 78 173 162 126 83
leaf_count=55 41 46 37 50 76 40 128 351 410 1168 505 310 54 1167 78 173 162 126 83
internal_value=0.000264789 0.00658886 -0.0178571 0.0491091 0.00343238 0.0600829 0.0406365 0.00232464 -0.00917786 0.00960435 0.00225685 0.0221456 0.0357608 -0.0226248 -0.00172302 0.0253741 0.0116269 0.0352799 -0.0172394
internal_weight=5060 3751 1309 87 3542 209 168 3496 1355 2141 945 440 364 1222 1246 895 544 299 245
internal_count=5060 3751 1309 87 3542 209 168 3496 1355 2141 945 440 364 1222 1246 895 544 299 245
is_linear=0
shrinkage=0.04


Tree=24
num_leaves=20
num_cat=0
split_feature=52 65 10 59 45 36 56 36 9 52 44 45 65 24 54 41 6 9 52
split_gain=336.849 339.816 213.01 213.402 178.917 192.817 177.776 308.911 202.539 191.543 174.163 190.767 252.474 253.621 260.076 190.668 170.812 157.497 156.863
threshold=4.5000000000000009 1.0000000180025095e-35 0.95555311676909582 3.1035714285714291 1.0474233661075769 2.4142857142857146 1.3671155641743877 4.1833333333333345 -2.7499999999999996 3.5000000000000004 0.78474310776942369 1.4422159754590098 19.500000000000004 6.2666666666666675 6.5317379679144407 5.0075637056442019 4.0250000000000012 -2.7499999999999996 36.500000000000007
decision_type=2 2 2 2 2 2 2 2 2 2 2 2 2 2 2 2 2 2 2
left_child=6 4 3 -3 -2 -6 8 9 -1 -8 -5 18 17 14 15 -14 -17 -13 -12
right_child=1 2 -4 10 5 -7 7 -9 -10 -11 11 12 13 -15 -16 16 -18 -19 -20
leaf_value=-0.09868636461427889 0.14398378944396972 0.085949709517034609 0.024187395448283772 -0.069685604230302275 0.11514715030079796 0.018525234384882835 -0.040726579743745599 -0.13394296178630755 -0.0023302404266818391 0.047600500765054121 -0.0027775807697117899 -0.08361967876553536 -0.096700172515681193 0.063582595467567449 0.047723496973514558 0.044625244242804396 -0.052174740827083586 0.011598531661367921 0.019643283469952182
leaf_weight=37 30 44 614 61 42 155 269 51 616 46 1522 30 137 35 40 35 175 378 743
leaf_count=37 30 44 614 61 42 155 269 51 616 46 1522 30 137 35 40 35 175 378 743
internal_value=0.000254197 0.00543677 0.00260694 -0.00153381 0.0529828 0.0391248 -0.0202981 -0.0426145 -0.00778993 -0.027828 -0.00275348 -0.0014343 -0.0178393 -0.0395315 -0.0488571 -0.0599903 -0.0360414 0.00459719 0.00457725
internal_weight=5060 4041 3814 3200 227 197 1019 366 653 315 3156 3095 830 422 387 347 210 408 2265
internal_count=5060 4041 3814 3200 227 197 1019 366 653 315 3156 3095 830 422 387 347 210 408 2265
is_linear=0
shrinkage=0.04


Tree=25
num_leaves=20
num_cat=0
split_feature=10 27 64 54 22 41 36 52 52 27 58 23 33 9 16 22 16 49 2
split_gain=313.063 309.024 208.788 239.246 205.274 199.738 198.059 197.495 192.055 183.636 219.536 315.639 169.258 162.421 158.067 200.476 157.967 156.921 166.804
threshold=-0.54997694554024268 5.3354978354978364 8.5881149928073324 1.6363533834586466 3.1583333333333337 2.2817481203007524 4.5500000000000007 1.0000000180025095e-35 2.5000000000000004 4.2862394957983208 1.1841317448031847 4.4086270871985169 0.30810147299509011 1.3166666666666669 3.8875000000000006 4.0954545454545466 3.3541666666666674 3.873442390620216 6.1026315789473697
decision_type=2 2 2 2 2 2 2 2 2 2 2 2 2 2 2 2 2 2 2
left_child=7 2 8 5 -3 -4 -5 -1 9 10 -2 -12 -10 -11 -9 -16 -7 -14 -19
right_child=1 4 3 6 -6 16 -8 14 12 13 11 -13 17 -15 15 -17 -18 18 -20
leaf_value=-0.07104809760604755 0.1047716151078542 -0.050302425357513128 -0.046476409554481506 -0.010858430601948126 0.05722366644341955 0.11701934019448582 -0.087638311311602587 -0.017486623026796398 0.069533581561042695 -0.093690666242440546 0.057333879597643592 -0.084431499204149954 0.028502557986039696 0.0096711753805478421 0.10966949635081821 -0.0029525732542662057 0.013586738020891236 -0.0015397607553532425 0.084107696413993835
leaf_weight=101 30 32 30 1341 253 54 56 1161 89 75 47 54 604 36 36 85 42 855 38
leaf_count=101 30 32 30 1341 253 54 56 1161 89 75 47 54 604 36 36 85 42 855 38
internal_value=-0.000996764 0.00516445 0.00176366 -0.00917499 0.0451506 0.0436142 -0.0139362 -0.017195 0.0108772 -0.0223145 0.00975985 -0.0184615 0.0159418 -0.0601679 -0.0129523 0.0305548 0.0717676 0.0127556 0.00210481
internal_weight=5019 3636 3351 1523 285 126 1397 1383 1828 242 131 101 1586 111 1282 121 96 1497 893
internal_count=5019 3636 3351 1523 285 126 1397 1383 1828 242 131 101 1586 111 1282 121 96 1497 893
is_linear=0
shrinkage=0.04


Tree=26
num_leaves=20
num_cat=0
split_feature=51 65 33 3 33 52 47 21 47 31 23 51 48 53 61 7 10 26 52
split_gain=332.897 303.08 301.47 273.437 225.411 291.391 211.485 227.403 205.174 200.279 198.655 182.898 178.408 175.341 174.872 199.829 251.294 223.264 174.701
threshold=8.0645491639363609 1.0000000180025095e-35 0.5366750358680058 4.2355042016806737 0.38645912910618802 39.500000000000007 8.4012605042016819 4.3166666666666673 6.0012032085561504 0.70833333333333337 4.0287784679089036 7.4630764441634225 12.000842346507982 7.5044117647058846 11.926875000000001 4.523532668881507 0.16143822393822396 5.3944444444444457 5.5000000000000009
decision_type=2 2 2 2 2 2 2 2 2 2 2 2 2 2 2 2 2 2 2
left_child=2 6 3 11 13 8 -2 -8 -6 -4 -7 -1 -10 -3 15 16 -5 18 -17
right_child=1 4 9 14 5 10 7 -9 12 -11 -12 -13 -14 -15 -16 17 -18 -19 -20
leaf_value=-0.0062873319928036173 0.13980902116000654 0.021128391926203458 -0.052573332212847046 0.12143880105295847 0.094752811233202616 -0.023893276380562999 0.077149809074689102 -0.027726367701183668 -0.014444475735657269 -0.0040915024149708636 0.036266797179834241 -0.048436693183045262 0.039040648680981074 0.094617547451472675 -0.069175190426231853 -0.075258832397284328 0.020930109490301007 0.060966899996263937 -0.0048186294235087728
leaf_weight=430 40 350 407 43 30 109 83 55 1480 205 452 267 107 61 42 81 535 57 185
leaf_count=430 40 350 407 43 30 109 83 55 1480 205 452 267 107 61 42 81 535 57 185
internal_value=-0.000956893 0.00833675 -0.0123759 -0.00343557 0.00486556 -0.000261554 0.058825 0.0353513 -0.00887934 -0.0363335 0.0245779 -0.0224335 -0.0108384 0.0320355 0.0106064 0.0143254 0.0284074 -0.010874 -0.0262685
internal_weight=5019 2767 2252 1640 2589 2178 178 138 1617 612 561 697 1587 411 943 901 578 323 266
internal_count=5019 2767 2252 1640 2589 2178 178 138 1617 612 561 697 1587 411 943 901 578 323 266
is_linear=0
shrinkage=0.04


Tree=27
num_leaves=20
num_cat=0
split_feature=51 65 33 10 6 33 47 47 42 31 54 29 40 48 6 9 14 41 53
split_gain=306.798 279.319 277.835 253.849 211.693 207.739 237.144 194.905 215.92 184.577 177.213 202.185 193.759 173.883 171.409 224.551 164.019 162.828 161.594
threshold=8.0645491639363609 1.0000000180025095e-35 0.5366750358680058 0.64215553753266652 4.4365079365079376 0.38645912910618802 5.9117495236961188 8.4012605042016819 3.0977801120448181 0.70833333333333337 4.238269230769232 -1.6833333333333331 7.7331168831168844 7.9719530469530486 4.8480769230769232 0.45000000000000007 7.1333333333333337 3.9002941176470589 7.5044117647058846
decision_type=2 2 2 2 2 2 2 2 2 2 2 2 2 2 2 2 2 2 2
left_child=2 7 3 -1 -5 18 -7 -2 -9 13 11 -8 -12 -4 15 -15 -13 -10 -3
right_child=1 5 9 4 -6 6 10 8 17 -11 12 16 -14 14 -16 -17 -18 -19 -20
leaf_value=-0.012339671879420653 0.1342166576674208 0.020283255988572325 -0.035845373008760714 0.0065366568950691603 0.071495202516290282 0.10015146619564778 0.071057709902887803 0.109581882641429 -0.060795907080173496 -0.003927842501823495 -0.020131498832090693 0.04041038548407544 0.045260516522994523 0.0063236395517985025 -0.176673583428065 -0.14054290502302108 -0.002513463384925555 0.044870389242257384 0.090832847713447004
leaf_weight=1233 40 350 310 297 110 37 77 42 40 205 881 168 79 36 30 31 936 56 61
leaf_count=1233 40 350 310 297 110 37 77 42 40 205 881 168 79 36 30 31 936 56 61
internal_value=-0.000918617 0.00800328 -0.0118808 -0.00329814 0.024093 0.00467094 -0.000251092 0.056472 0.0339373 -0.0348802 -0.00198621 0.00838932 -0.0147503 -0.0504704 -0.0972102 -0.0616295 0.00401843 0.000842766 0.0307541
internal_weight=5019 2767 2252 1640 407 2589 2178 178 138 612 2141 1181 960 407 97 67 1104 96 411
internal_count=5019 2767 2252 1640 407 2589 2178 178 138 612 2141 1181 960 407 97 67 1104 96 411
is_linear=0
shrinkage=0.04


Tree=28
num_leaves=20
num_cat=0
split_feature=51 65 33 3 33 52 21 19 31 51 61 7 10 44 27 52 24 51 65
split_gain=282.745 257.42 256.053 242.369 191.452 268.147 170.235 245.613 170.106 168.694 160.278 178.873 235.902 162.254 160.484 164.947 158.902 171.7 153.593
threshold=8.0645491639363609 1.0000000180025095e-35 0.5366750358680058 4.2355042016806737 0.38645912910618802 39.500000000000007 4.8944444444444457 110.50000000000001 0.70833333333333337 7.4630764441634225 11.926875000000001 4.523532668881507 0.16143822393822396 0.99511904761904757 5.7432234432234441 5.5000000000000009 6.1000000000000005 8.4937198723889846 24.500000000000004
decision_type=2 2 2 2 2 2 2 2 2 2 2 2 2 2 2 2 2 2 2
left_child=2 6 3 9 -3 -6 7 -2 -4 18 11 12 -5 -14 15 -13 17 -7 -1
right_child=1 4 8 10 5 16 -8 -9 -10 -11 -12 14 13 -15 -16 -17 -18 -19 -20
leaf_value=0.014258550613242039 0.10931860509879736 0.02952395500710411 -0.048451583217234521 0.11707483642323073 -0.0085079763886151891 -0.035617248228816102 -0.0083754048407077789 -0.021484084526697794 -0.0037707278608548932 -0.046025433810741714 -0.066325966197819941 -0.065431028590591134 -0.052128852955673051 0.026449106123930716 0.077887532611687973 0.00025500917282787343 0.081392752154549552 0.026573929814073971 -0.034403478973358874
leaf_weight=255 98 411 407 43 1617 86 50 30 205 267 42 87 46 489 30 206 67 408 175
leaf_count=255 98 411 407 43 1617 86 50 30 205 267 42 87 46 489 30 206 67 408 175
internal_value=-0.000881873 0.00768315 -0.0114056 -0.00316622 0.0044841 -0.000241048 0.0542131 0.0786617 -0.033485 -0.0210523 0.0100539 0.0136144 0.0269375 0.0196929 -0.0102271 -0.019249 0.0235872 0.0157471 -0.00554576
internal_weight=5019 2767 2252 1640 2589 2178 178 128 612 697 943 901 578 535 323 293 561 494 430
internal_count=5019 2767 2252 1640 2589 2178 178 128 612 697 943 901 578 535 323 293 561 494 430
is_linear=0
shrinkage=0.04


Tree=29
num_leaves=20
num_cat=0
split_feature=64 65 13 50 44 57 54 51 27 7 4 55 54 16 29 64 57 7 42
split_gain=266.102 341.826 247.269 242.592 360.744 341.712 205.198 197.095 193.508 193.287 187.784 187.024 183.567 173.724 175.447 168.167 226.329 195.764 209.413
threshold=8.2498491327676877 42.500000000000007 0.38924963924963935 1.3499516382740069 1.6217156862745099 1.1883730158730159 1.6363533834586466 9.3584334564500988 5.2311740890688272 4.8550612707239216 4.2250000000000005 6.0859821428571435 7.7448214285714299 2.6500000000000008 1.4500000000000002 9.1391097392563463 1.2985119047619049 5.1872751798561163 4.9498731203007535
decision_type=2 2 2 2 2 2 2 2 2 2 2 2 2 2 2 2 2 2 2
left_child=1 3 15 4 13 9 7 -4 10 -5 -7 -10 -8 14 -1 16 -2 18 -17
right_child=2 -3 6 5 -6 8 12 -9 11 -11 -12 -13 -14 -15 -16 17 -18 -19 -20
leaf_value=0.0063155547086962598 -0.10899696561818323 -0.029489496094455201 0.0085395318322014392 0.071975187733667442 0.1241894893688068 0.0033326118474497515 -0.010927580999590019 0.10190050700925431 0.071837793540310224 -0.0034806703097290466 -0.041379420862334676 -0.030870162906206172 0.046118725951711993 0.028971686796476718 -0.084633233837965061 -0.094313473906623174 -0.021441276769218868 0.016506257937738189 0.024694993802479335
leaf_weight=197 96 332 114 137 57 255 1806 53 74 90 366 46 95 924 41 73 93 135 35
leaf_count=197 96 332 114 137 57 255 1806 53 74 90 366 46 95 924 41 73 93 135 35
internal_value=-0.000846598 0.00832893 -0.0100919 0.01407 0.0259416 -0.000879899 -0.00434221 0.0381691 -0.0140338 0.0420588 -0.0230194 0.0324664 -0.00807677 0.0211222 -0.00935209 -0.0376157 -0.065914 -0.0156058 -0.0557459
internal_weight=5019 2519 2500 2187 1219 968 2068 167 741 227 621 120 1901 1162 238 432 189 243 108
internal_count=5019 2519 2500 2187 1219 968 2068 167 741 227 621 120 1901 1162 238 432 189 243 108
is_linear=0
shrinkage=0.04


Tree=30
num_leaves=20
num_cat=0
split_feature=52 33 13 44 46 58 43 40 45 9 39 34 52 57 60 16 27 52 24
split_gain=445.1 268.676 229.799 194.047 541.273 201.544 222.185 203.514 191.733 212.435 172.024 179.988 174.053 170.793 168.253 198.159 240.008 167.959 165.825
threshold=1.0000000180025095e-35 0.44033273996987549 0.259437321937322 0.79594092182327492 10.126785714285715 1.3479188764568135 1.1302967563837132 4.549725274725275 1.5128550738477211 -1.8499999999999999 9.5000000000000018 9.6333333333333346 16.500000000000004 1.2266812354312355 8.0873416289592779 3.8166666666666669 5.3815156375300726 17.500000000000004 4.1000000000000005
decision_type=2 2 2 2 2 2 2 2 2 2 2 2 2 2 2 2 2 2 2
left_child=-1 14 10 4 -4 6 17 8 9 -7 -3 12 -12 -11 -2 -16 -17 -5 -8
right_child=1 2 3 5 -6 7 18 -9 -10 13 11 -13 -14 -15 15 16 -18 -19 -20
leaf_value=-0.041829822129721556 0.032398730655574498 0.018892726776551228 -0.12223194143665371 -0.0093285291739757456 0.055961226691370429 0.096790585952084063 7.6072040578915377e-05 0.036034089505315545 -0.067859489855013402 -0.074130285423855455 -0.1361575302653133 0.0082857112373624538 -0.020382903218269348 0.0087829392891954419 -0.0085148841965753865 0.013637689365677431 0.14857874928911527 0.032812461465351529 -0.028633731437471797
leaf_weight=344 785 49 67 259 46 41 666 501 57 43 63 35 31 526 432 71 30 364 623
leaf_count=344 785 49 67 259 46 41 666 501 57 43 63 35 31 526 432 71 30 364 623
internal_value=0.00208754 0.00530946 -0.000677589 0.00178826 -0.0496931 0.00367702 -0.00432035 0.0167686 0.00229782 0.0088535 -0.0449104 -0.0691457 -0.0979765 0.00251709 0.0206223 0.00327806 0.0537192 0.0152932 -0.0138
internal_weight=5033 4689 3371 3193 113 3080 1912 1168 667 610 178 129 94 569 1318 533 101 623 1289
internal_count=5033 4689 3371 3193 113 3080 1912 1168 667 610 178 129 94 569 1318 533 101 623 1289
is_linear=0
shrinkage=0.04


Tree=31
num_leaves=20
num_cat=0
split_feature=52 65 22 63 51 45 10 33 10 40 46 40 20 16 51 57 58 9 52
split_gain=410.204 298.908 238.645 211.873 204.279 261.928 199.941 197.287 191.459 177.497 196.304 183.034 252.564 176.472 172.034 169.229 193.439 301.136 288.702
threshold=1.0000000180025095e-35 1.0000000180025095e-35 5.1583333333333341 1.3969692745979512 10.032006439026054 1.289581703126595 0.34866102889358713 0.33171521035598711 1.7058924485125859 1.9115590292060884 10.880357142857145 3.1878676470588236 3.2666666666666671 4.0500000000000007 8.6804787704555526 0.82984848484848495 1.2084596653346655 -2.6833333333333331 23.500000000000004
decision_type=2 2 2 2 2 2 2 2 2 2 2 2 2 2 2 2 2 2 2
left_child=-1 7 3 4 15 -6 -7 -2 13 -9 11 -11 -13 -4 -14 -3 17 -17 -18
right_child=1 2 8 -5 5 6 -8 9 -10 10 -12 12 14 -15 -16 16 18 -19 -20
leaf_value=-0.040156629363638022 0.13937993441858601 -0.046078599905471009 -0.028437490182072818 0.021212605073670211 0.046536976667152202 0.025693804713529209 -0.062743566326605965 0.1140878915464556 0.079813575975356571 -0.045165861944357559 -0.063371933071236869 -0.04941091518600782 0.046087798299155686 0.0337451067121654 0.14466551392577415 -0.08900723442766402 -0.035872362017783585 0.017229143491287967 0.0071833017784840372
leaf_weight=344 31 150 667 1124 299 86 78 37 31 36 38 30 83 82 43 45 490 832 507
leaf_count=344 31 150 667 1124 299 86 78 37 31 36 38 30 83 82 43 45 490 832 507
internal_value=0.00200404 0.00509708 0.00246612 0.00680011 0.000286383 0.0242553 -0.0163679 0.0438641 -0.0175981 0.0327742 0.0196934 0.0361334 0.0548947 -0.0216298 0.0797294 -0.00519664 -0.00192433 0.011778 -0.0139775
internal_weight=5033 4689 4391 3611 2487 463 164 298 780 267 230 192 156 749 126 2024 1874 877 997
internal_count=5033 4689 4391 3611 2487 463 164 298 780 267 230 192 156 749 126 2024 1874 877 997
is_linear=0
shrinkage=0.04


Tree=32
num_leaves=20
num_cat=0
split_feature=52 65 22 63 51 45 33 36 40 23 57 58 9 52 40 45 58 2 59
split_gain=378.044 275.474 219.936 195.262 188.264 241.393 181.819 181.588 229.103 172.531 155.962 178.273 277.527 266.068 368.853 203.196 197.538 181.415 189.684
threshold=1.0000000180025095e-35 1.0000000180025095e-35 5.1583333333333341 1.3969692745979512 10.032006439026054 1.289581703126595 0.33171521035598711 2.3875000000000006 1.9115590292060884 4.435239651416123 0.82984848484848495 1.2084596653346655 -2.6833333333333331 23.500000000000004 5.8290584415584421 1.4487572082057378 1.2292703235140212 4.7596153846153859 6.8598214285714301
decision_type=2 2 2 2 2 2 2 2 2 2 2 2 2 2 2 2 2 2 2
left_child=-1 6 3 4 10 -6 -2 -8 -9 -10 -3 12 -12 14 15 17 -15 -13 -19
right_child=1 2 -4 -5 5 -7 7 8 9 -11 11 13 -14 16 -16 -17 -18 18 -20
leaf_value=-0.038550363936526486 0.13380473823316638 -0.044235454951723423 -0.016894137363552521 0.020364100992368052 0.044675497292949007 -0.015713157275827921 0.11370854074890549 0.11408431033877765 -0.038296205176283488 0.036902535168024213 -0.085446945495075644 -0.062574672588233737 0.016539977852550621 -0.080819477658522751 0.025186151132107742 -0.11054365080079916 0.014002977596290076 -0.080507076673209679 0.039207930730448828
leaf_weight=344 31 150 780 1124 299 164 37 34 92 104 45 183 832 38 124 81 469 30 72
leaf_count=344 31 150 780 1124 299 164 37 34 92 104 45 183 832 38 124 81 469 30 72
internal_value=0.00192388 0.0048932 0.00236747 0.00652811 0.000274927 0.0232851 0.0421095 0.0314633 0.0182325 0.00160517 -0.00498877 -0.00184736 0.0113069 -0.0134184 -0.0344375 -0.0546378 0.00689597 -0.0387488 0.00399763
internal_weight=5033 4689 4391 3611 2487 463 298 267 230 196 2024 1874 877 997 490 366 507 285 102
internal_count=5033 4689 4391 3611 2487 463 298 267 230 196 2024 1874 877 997 490 366 507 285 102
is_linear=0
shrinkage=0.04


Tree=33
num_leaves=20
num_cat=0
split_feature=52 65 3 61 63 32 6 51 59 26 8 3 36 19 47 14 33 3 5
split_gain=348.406 253.877 210.732 198.27 183.687 175.199 180.449 172.271 168.869 170.447 255.314 173.736 159.259 152.862 150.955 153.072 147.274 156.868 146.964
threshold=1.0000000180025095e-35 1.0000000180025095e-35 3.6640419947506566 5.9393067226890759 1.5425119845509057 0.68333333333333346 3.9295454545454551 8.0138662631595761 10.626785714285715 4.3875000000000011 -0.44999999999999996 4.301985062893082 2.6333333333333337 2.5000000000000004 6.7562366310160433 7.1333333333333337 0.58359213250517616 4.1833860304685269 3.683333333333334
decision_type=2 2 2 2 2 2 2 2 2 2 2 2 2 2 2 2 2 2 2
left_child=13 5 3 -3 7 6 -2 -4 14 -10 11 -11 -6 -1 -9 -16 17 -15 -14
right_child=1 2 4 -5 12 -7 -8 8 9 10 -12 -13 18 16 15 -17 -18 -19 -20
leaf_value=0.030858901965877285 0.10328231289982796 0.061178972083468772 -0.009342779283714445 -0.028373466240664422 0.068003158485138326 -0.030451965921736778 0.030499144665330477 0.066972995326799512 -0.036004918449261084 0.023005111621272181 0.048452186848199554 -0.10459660814780937 0.065263884985769127 -0.077610169011861713 0.044427984052708425 0.0074685120609920908 -0.11890042412281038 -0.012798834024678643 0.0018573332395017362
leaf_weight=46 80 43 1274 494 123 47 171 85 235 31 126 38 74 94 206 1383 40 164 279
leaf_count=46 80 43 1274 494 123 47 171 85 235 31 126 38 74 94 206 1383 40 164 279
internal_value=0.00184692 0.00469747 0.00227277 -0.0212026 0.00554373 0.0404252 0.053697 0.00226567 0.00929474 -0.0130644 0.0145819 -0.0472683 0.028807 -0.0370083 0.0150381 0.01226 -0.0474845 -0.0364123 0.0151494
internal_weight=5033 4689 4391 537 3854 298 251 3378 2104 430 195 69 476 344 1674 1589 298 258 353
internal_count=5033 4689 4391 537 3854 298 251 3378 2104 430 195 69 476 344 1674 1589 298 258 353
is_linear=0
shrinkage=0.04


Tree=34
num_leaves=20
num_cat=0
split_feature=52 65 22 10 26 59 7 19 56 24 49 35 1 3 7 45 16 56 15
split_gain=321.091 233.973 201.084 175.435 172.633 184.141 237.918 196.662 196.744 201.188 187.759 165.37 205.196 204.013 189.57 174.155 160.941 175.636 170.078
threshold=1.0000000180025095e-35 1.0000000180025095e-35 5.1583333333333341 1.7058924485125859 6.5250000000000012 10.798642533936656 4.8088714938030011 17.500000000000004 1.8524087024087026 4.2666666666666675 1.4275510204081634 1.0500000000000003 4.0500000000000007 4.3764073371284011 4.8088714938030011 1.5516695366957973 4.0500000000000007 0.71478174603174616 1.5357142857142858
decision_type=2 2 2 2 2 2 2 2 2 2 2 2 2 2 2 2 2 2 2
left_child=-1 -2 4 16 5 6 7 -3 10 -10 -9 15 13 -13 -14 -7 17 -4 -19
right_child=1 2 3 -5 -6 11 -8 8 9 -11 -12 12 14 -15 -16 -17 -18 18 -20
leaf_value=-0.03552801591647399 0.038808149672644648 -0.021363722967113866 0.056913399146379613 0.077010284384652489 0.070758393328923447 0.019672027662700535 -0.012875621763463388 -0.075394570380449291 0.11318040314842673 0.025348730397031262 0.016825156804564131 -0.039128730764443224 -0.027234833183809648 -0.1443384915022623 0.069230032439638933 -0.078211603598161178 0.032787013991576866 -0.023308062049288755 -0.083557090122124242
leaf_weight=344 298 215 38 31 65 245 618 36 68 108 1882 99 159 42 41 33 82 542 87
leaf_count=344 298 215 38 31 65 245 618 36 68 108 1882 99 159 42 41 33 82 542 87
internal_value=0.00177305 0.00450957 0.00218186 -0.0162357 0.00616018 0.00497607 0.00916786 0.0150678 0.0188083 0.0592837 0.0150942 -0.0148452 -0.0335128 -0.0704678 -0.00745954 0.00805275 -0.020095 -0.0265963 -0.0316414
internal_weight=5033 4689 4391 780 3611 3546 2927 2309 2094 176 1918 619 341 141 200 278 749 667 629
internal_count=5033 4689 4391 780 3611 3546 2927 2309 2094 176 1918 619 341 141 200 278 749 667 629
is_linear=0
shrinkage=0.04


Tree=35
num_leaves=20
num_cat=0
split_feature=60 29 51 8 57 3 62 7 24 51 52 64 41 40 45 2 48 45 34
split_gain=255.086 149.744 260.406 239.245 201.806 181.011 175.033 211.632 185.022 176.383 221.549 173.722 198.691 185.103 170.997 164.683 155.668 150.665 157.809
threshold=8.5845492742551581 0.61250000000000016 8.6187062937062944 -2.7333333333333329 1.4733928571428572 4.7070207570207581 4.1787597830894381 4.625631313131314 3.6333333333333337 9.2558944450986136 28.500000000000004 7.3369876758951973 6.4826470588235301 1.5907649558679318 1.0188795518207285 4.8777777777777791 6.3331997414350365 1.3728116246498601 7.7750000000000012
decision_type=2 2 2 2 2 2 2 2 2 2 2 2 2 2 2 2 2 2 2
left_child=1 5 3 16 14 6 11 -8 -9 10 -10 -1 13 -13 -5 -6 -3 18 -4
right_child=-2 2 17 4 15 -7 7 8 9 -11 -12 12 -14 -15 -16 -17 -18 -19 -20
leaf_value=0.015666639592344239 -0.012007520473129163 -0.034493721416502289 0.11778533830307425 -0.11080377159516017 -0.048954660422776054 0.029919683521735334 0.028042062855704614 -0.077378279205999878 -0.0023517365217988009 -0.053187572135441549 0.096940432377952204 0.04501627254486084 0.056439499566049288 -0.06101807692976393 -0.010916195486593396 -0.14793989281121053 0.073991365970696429 -0.020909094798403815 0.023334061310911664
leaf_weight=169 2097 33 32 30 92 642 607 57 153 69 47 30 33 216 319 38 59 111 245
leaf_count=169 2097 33 32 30 92 642 607 57 153 69 47 30 33 216 319 38 59 111 245
internal_value=-0.00131775 0.00619951 -0.00681925 -0.0240013 -0.0353485 0.012371 0.00421301 0.0140808 -0.0119145 0.00195703 0.0209819 -0.0163376 -0.0357237 -0.0480871 -0.0195025 -0.0778888 0.0350782 0.0184667 0.0342454
internal_weight=5079 2982 959 571 479 2023 1381 933 326 269 200 448 279 246 349 130 92 388 277
internal_count=5079 2982 959 571 479 2023 1381 933 326 269 200 448 279 246 349 130 92 388 277
is_linear=0
shrinkage=0.04


Tree=36
num_leaves=20
num_cat=0
split_feature=60 30 51 2 1 6 9 29 20 27 26 53 33 30 60 27 35 17 10
split_gain=235.087 187.766 165.968 228.399 195.346 228.829 219.379 189.031 199.32 161.114 150.45 148.196 146.404 146.536 147.306 160.221 156.651 153.56 160.842
threshold=8.5845492742551581 -1.1102430555555554 8.6187062937062944 5.8535714285714286 4.6833333333333345 4.2970588235294125 1.3166666666666669 0.61250000000000016 4.4500000000000011 3.5206906392694068 3.3750000000000004 3.8921703296703307 0.27326839826839833 2.4031250000000006 8.8208894974994063 5.0814667330346781 1.3541666666666667 1.5000000000000002 0.38001426279194156
decision_type=2 2 2 2 2 2 2 2 2 2 2 2 2 2 2 2 2 2 2
left_child=1 -1 4 -4 9 -6 7 -7 -9 10 -3 -8 -2 14 17 -16 -17 18 -14
right_child=12 2 3 -5 5 6 11 8 -10 -11 -12 -13 13 -15 15 16 -18 -19 -20
leaf_value=0.028368448371583796 0.038383049695028197 -0.0054224836380511029 0.0086519483366527226 0.083021793673995523 -0.054098485276043648 0.010365266791225349 0.00067386554444537447 -0.14059469861142776 -0.023082503239727683 0.010316673563420774 -0.1076582486202588 0.11792815446853638 -0.028743016103680213 0.057602335625224647 -0.0084305920746420189 -0.078991743070308609 0.025346285422643024 0.032705432294357205 -0.10946581439023287
leaf_weight=498 90 61 952 71 251 137 34 34 72 800 37 35 89 45 1642 99 30 31 71
leaf_count=498 90 61 952 71 251 137 34 34 72 800 37 35 89 45 1642 99 30 31 71
internal_value=-0.00126504 0.00595153 0.00145732 0.0138135 -0.00719454 -0.0256669 -0.00279398 -0.0206672 -0.0607751 0.00438665 -0.0440217 0.0601507 -0.0115272 -0.0137653 -0.0154022 -0.0118028 -0.0547271 -0.0487766 -0.0645638
internal_weight=5079 2982 2484 1023 1461 563 312 243 106 898 98 69 2097 2007 1962 1771 129 191 160
internal_count=5079 2982 2484 1023 1461 563 312 243 106 898 98 69 2097 2007 1962 1771 129 191 160
is_linear=0
shrinkage=0.04


Tree=37
num_leaves=20
num_cat=0
split_feature=33 61 16 52 48 48 62 0 36 55 58 12 8 59 63 48 2 0 48
split_gain=213.889 172.262 202.088 165.281 162.096 218.323 158.473 148.037 175.363 206.033 187.792 144.795 133.277 133.118 144.571 224.368 144.325 145.725 150.847
threshold=0.2814700704225353 8.3093722995270998 1.7071428571428573 14.500000000000002 11.925877504848096 7.5000412087912096 3.4275608029201705 4.4500000000000011 3.0500000000000003 3.250494080223183 1.3293093231444628 0.38750000000000007 1.9000000000000001 9.4485576923076948 1.2400923794297354 7.923018146713968 4.0250000000000012 3.2250000000000005 10.858303571428573
decision_type=2 2 2 2 2 2 2 2 2 2 2 2 2 2 2 2 2 2 2
left_child=-1 -2 -3 4 5 12 11 8 -7 -10 -11 -5 -4 14 -8 -16 -15 -18 -19
right_child=1 2 3 6 -6 7 13 -9 9 10 -12 -13 -14 16 15 -17 17 18 -20
leaf_value=0.030816533479530117 0.0038794469341262286 -0.093426053929043573 0.0098193001539146948 -0.087149507563847775 0.045085860827454818 -0.024804811411920716 0.052881529227976343 -0.018026697940310005 -0.029421251517008331 -0.17357428477360654 -0.071236462285742166 -0.012931561790745368 -0.06501336892897433 -0.035717549531647332 0.055070982512086628 -0.018496402910518163 0.071781312537193304 -0.012617967477406313 0.075856426443372454
leaf_weight=313 2514 47 283 52 54 136 166 247 68 52 64 220 44 178 100 197 50 259 35
leaf_count=313 2514 47 283 52 54 136 166 247 68 52 64 220 44 178 100 197 50 259 35
internal_value=-0.00121443 -0.00331802 -0.0113529 -0.00960344 -0.0222139 -0.026279 -9.29309e-05 -0.0412905 -0.0592472 -0.0847046 -0.117112 -0.0271203 -0.000249927 0.00737046 0.0229841 0.00627376 -0.00647842 0.00865112 -0.0020853
internal_weight=5079 4766 2252 2205 948 894 1257 567 320 184 116 272 327 985 463 297 522 344 294
internal_count=5079 4766 2252 2205 948 894 1257 567 320 184 116 272 327 985 463 297 522 344 294
is_linear=0
shrinkage=0.04


Tree=38
num_leaves=20
num_cat=0
split_feature=60 30 51 13 47 51 41 45 23 24 27 12 22 52 18 28 28 24 59
split_gain=202.265 166.785 153.919 241.18 176.106 215.905 171.43 181.558 167.95 162.276 166.15 156.465 207.408 150.652 145.137 203.477 190.395 156.289 179.325
threshold=8.5845492742551581 -1.1102430555555554 8.6187062937062944 0.59850837307308435 9.2593494005994028 10.698266050255215 4.2003896103896112 1.0534081598226337 4.1603413510010094 4.2666666666666675 4.0604754440961353 0.58571428571428574 5.452272727272728 5.5000000000000009 1.0000000180025095e-35 3.5000000000000004 2.1000000000000005 3.1000000000000005 6.8117749897161675
decision_type=2 2 2 2 2 2 2 2 2 2 2 2 2 2 2 2 2 2 2
left_child=1 -1 11 6 -5 -6 7 8 -4 -8 -11 14 13 -13 16 17 -3 -16 -19
right_child=-2 2 3 4 5 -7 9 -9 -10 10 -12 12 -14 -15 15 -17 -18 18 -20
leaf_value=0.026655362270488196 -0.010684738878302166 -0.012123029240621971 -0.042501947656273846 0.13005637548186563 -0.031403183993839082 0.103113949911935 0.050914735766173579 -0.023357713069697774 0.05563484945538498 0.063110730939723081 -0.024556232332500795 -0.054976385525897536 -0.095004599451041616 -0.00047792404062218136 -0.033922949414832371 0.079942590266954702 -0.1208806145588557 -0.013561262131979069 0.031462632163475009
leaf_weight=498 2097 182 38 44 42 35 203 378 105 47 131 113 61 288 141 61 30 240 345
leaf_count=498 2097 182 38 44 42 35 203 378 105 47 131 113 61 288 141 61 30 240 345
internal_value=-0.00116586 0.005528 0.00129233 0.0131915 0.0662193 0.029741 0.00607805 -0.00883422 0.0295565 0.0264699 -0.00140821 -0.00703956 -0.0262884 -0.0158353 0.00186232 0.00977543 -0.0275133 0.00387985 0.0129913
internal_weight=5079 2982 2484 1023 121 77 902 521 143 381 178 1461 462 401 999 787 212 726 585
internal_count=5079 2982 2484 1023 121 77 902 521 143 381 178 1461 462 401 999 787 212 726 585
is_linear=0
shrinkage=0.04


Tree=39
num_leaves=20
num_cat=0
split_feature=33 61 65 16 21 7 52 28 64 54 58 48 48 64 43 1 52 49 61
split_gain=189.487 150.999 231.487 186.343 170.664 153.494 150.131 176.196 146.82 145.981 169.371 143.185 187.817 141.302 167.665 141.301 120.019 155.459 136.206
threshold=0.2814700704225353 8.3093722995270998 42.500000000000007 1.7071428571428573 6.4222222222222234 2.757352941176471 14.500000000000002 2.5000000000000004 8.7389131089338079 2.4535227272727278 1.3564939961998788 7.5000412087912096 11.925877504848096 8.1895767656670575 1.0521671826625389 4.8444444444444459 26.500000000000004 3.7789562884870551 7.108755980861245
decision_type=2 2 2 2 2 2 2 2 2 2 2 2 2 2 2 2 2 2 2
left_child=-1 2 5 -3 6 -2 11 -8 -9 -6 -11 -5 -13 16 -15 -10 -4 -18 -19
right_child=1 3 13 4 9 -7 7 8 15 10 -12 12 -14 14 -16 -17 17 18 -20
leaf_value=0.029029252816336799 0.080546098543291408 -0.089432940821143544 -0.07223854317931476 0.0035086182099385338 0.016769590646989886 0.0074344320019509059 -0.003170528176074155 0.11168341530335915 -0.010370796705469674 -0.13204220946041906 -0.013724762010388077 -0.037017205513573882 0.044758316089912341 0.092153762181599944 -0.013483424531526803 0.078676080049481248 0.04768019837992532 -0.0043810574733293972 -0.092700272378872864
leaf_weight=313 47 47 113 305 31 2047 1035 37 81 49 32 542 49 30 121 44 42 65 49
leaf_count=313 47 47 113 305 31 2047 1035 37 81 49 32 542 49 30 121 44 42 65 49
internal_value=-0.00111922 -0.00309918 0.00363946 -0.0106218 -0.00894192 0.00907543 -0.00636767 0.002901 0.0416914 -0.0570482 -0.0852995 -0.01875 -0.0302372 -0.0234627 0.0075041 0.0209737 -0.0408456 -0.0181059 -0.0423428
internal_weight=5079 4766 2514 2252 2205 2094 2093 1197 162 112 81 896 591 420 151 125 269 156 114
internal_count=5079 4766 2514 2252 2205 2094 2093 1197 162 112 81 896 591 420 151 125 269 156 114
is_linear=0
shrinkage=0.04


Tree=40
num_leaves=20
num_cat=0
split_feature=64 52 38 23 14 10 11 26 25 14 28 0 50 29 16 2 14 47 42
split_gain=209.048 157.844 175.573 165.658 150.866 143.762 143.267 156.111 141.264 129.589 185.636 164.237 171.868 176.928 141.059 129.178 118.818 159.601 155.201
threshold=8.2286558385340083 5.5000000000000009 1.0000000180025095e-35 3.5535885167464119 7.2750000000000012 1.4278779472954233 0.90000000000000013 3.0250000000000004 6.366666666666668 7.8500000000000005 0.55000000000000016 2.9000000000000004 1.1699672948692559 0.61250000000000016 3.8875000000000006 6.8250000000000002 8.8819444444444464 9.0022027972027985 2.4208762715612564
decision_type=2 2 2 2 2 2 2 2 2 2 2 2 2 2 2 2 2 2 2
left_child=15 3 5 -2 -5 9 7 -4 16 11 14 -3 -13 -14 -11 -1 17 -9 -19
right_child=1 2 6 4 -6 -7 -8 8 -10 10 -12 12 13 -15 -16 -17 -18 18 -20
leaf_value=0.0078858633458044527 0.046584392607859945 -0.071380900370108122 0.071317204498408129 0.012268240979498196 -0.043128266416158745 0.057541011832654476 -0.06527748344385105 -0.018103180516067505 0.064999236366872132 -0.098843031674623494 -0.012572770323326338 0.10212509791056315 -0.063679338812828071 0.064824682831764222 -0.0011788217726474007 0.090047533925502535 0.020261721510838902 0.089268334507942207 0.0059058803331051299
leaf_weight=2481 46 37 57 97 416 32 46 636 58 112 134 33 40 30 30 31 383 40 335
leaf_count=2481 46 37 57 97 416 32 46 636 58 112 134 33 40 30 30 31 383 40 335
internal_value=0.000700298 -0.00733918 -0.00209412 -0.0261332 -0.0326537 -0.0241576 0.00426244 0.00638228 0.00383318 -0.0304421 -0.0463425 0.000904299 0.0268708 -0.00860619 -0.0782097 0.0088998 0.00128825 -0.00589952 0.0147979
internal_weight=5074 2562 2003 559 513 448 1555 1509 1452 416 276 140 103 70 142 2512 1394 1011 375
internal_count=5074 2562 2003 559 513 448 1555 1509 1452 416 276 140 103 70 142 2512 1394 1011 375
is_linear=0
shrinkage=0.04


Tree=41
num_leaves=20
num_cat=0
split_feature=64 65 33 3 52 9 14 3 30 28 10 63 52 53 22 1 8 14 52
split_gain=192.659 180.414 185.696 153.966 165.018 160.863 213.347 155.015 134.844 171.382 170.703 145.434 134.47 144.366 128.72 128.604 183.824 205.518 146.309
threshold=8.2286558385340083 42.500000000000007 0.64760348583878014 3.6640419947506566 5.5000000000000009 2.5500000000000003 8.828571428571431 3.8893596986817331 -0.077677224736048253 1.5000000000000002 -0.18942218080149112 1.4413276350434068 26.500000000000004 3.9866071428571432 4.1909090909090922 5.5357142857142865 1.9000000000000001 9.8166666666666682 20.500000000000004
decision_type=2 2 2 2 2 2 2 2 2 2 2 2 2 2 2 2 2 2 2
left_child=1 2 -1 -2 5 6 8 -6 11 10 -10 -5 -3 -14 -15 -9 18 -18 -17
right_child=3 12 -4 4 7 -7 -8 15 9 -11 -12 -13 13 14 -16 16 17 -19 -20
leaf_value=0.015452574621505136 -0.032241658205470453 -0.048722311227316302 -0.037429793516972232 0.055623252054552243 0.044831248738919388 0.065548171679178882 -0.071471829089079647 -0.0061297664965313586 -0.00013653435605637571 0.020810373822848002 -0.09687455425595308 -0.034715883297764739 -0.033476560342571009 -0.013588056655033777 0.077086023249409413 0.097583936185979131 0.030420654391563395 -0.070282277703285226 0.018941129494843813
leaf_weight=2067 337 140 112 75 128 30 138 1333 47 63 77 46 92 46 55 67 79 55 87
leaf_count=2067 337 140 112 75 128 30 138 1333 47 63 77 46 92 46 55 67 79 55 87
internal_value=0.000672286 0.00854381 0.0127344 -0.00704562 -0.00322941 -0.0241104 -0.0301413 0.00245348 -0.011623 -0.0329129 -0.0602077 0.0212794 -0.0188777 0.00277118 0.0357889 -0.000892826 0.0233462 -0.0109126 0.0531559
internal_weight=5074 2512 2179 2562 2225 476 446 1749 308 187 124 121 333 193 101 1621 288 134 154
internal_count=5074 2512 2179 2562 2225 476 446 1749 308 187 124 121 333 193 101 1621 288 134 154
is_linear=0
shrinkage=0.04


Tree=42
num_leaves=20
num_cat=0
split_feature=64 65 27 55 8 4 20 20 19 63 52 48 3 60 13 10 36 63 52
split_gain=177.554 166.27 160.463 185.139 158.005 240.979 163.397 156.907 155.358 144.53 174.163 164.783 162.158 156.397 285.923 165.125 146.752 142.851 141.803
threshold=8.2286558385340083 42.500000000000007 4.8685539606592245 8.0428571428571445 -1.3666666666666665 3.3666666666666671 2.9000000000000004 5.9000000000000012 21.500000000000004 1.6667515491044906 5.5000000000000009 11.925877504848096 3.6640419947506566 8.7916302118933718 0.43985815602836886 -1.1526806526806526 3.3166666666666669 1.5162231549446141 31.500000000000004
decision_type=2 2 2 2 2 2 2 2 2 2 2 2 2 2 2 2 2 2 2
left_child=1 2 18 4 -4 6 -6 8 -7 10 11 17 13 15 -15 -12 -11 -2 -1
right_child=9 -3 3 -5 5 7 -8 -9 -10 16 12 -13 -14 14 -16 -17 -18 -19 -20
leaf_value=-0.0014809045104073515 -0.02930038257582343 -0.018122627625784451 -0.0022623406407056433 -0.06034101395922549 -0.07616212141864441 -0.0053147495974338165 0.030000942586219471 0.14321271130764807 0.070505417203058571 0.082588850740800815 -0.13030517486400073 0.049446874960901763 0.0010933255682181494 0.024787765140977819 -0.087267541981957589 -0.013507507934289819 -0.012337795794010162 -0.10745059810033659 0.025507313833694974
leaf_weight=1174 429 333 132 34 34 54 73 37 217 57 45 39 1703 112 54 34 48 41 424
leaf_count=1174 429 333 132 34 34 54 73 37 217 57 45 39 1703 112 54 34 48 41 424
internal_value=0.000645395 0.00820206 0.0122251 0.030227 0.0358564 0.047981 -0.00373312 0.0659466 0.0553973 -0.00676379 -0.00872779 -0.0295617 -0.00328402 -0.033711 -0.011664 -0.0800378 0.0391938 -0.0361177 0.00567992
internal_weight=5074 2512 2179 581 547 415 107 308 271 2562 2457 509 1948 245 166 79 105 470 1598
internal_count=5074 2512 2179 581 547 415 107 308 271 2562 2457 509 1948 245 166 79 105 470 1598
is_linear=0
shrinkage=0.04


end of trees

feature_importances:
home_sp_games_started=62
home_sp_season_k9=38
away_sp_games_started=36
away_season_win_rate=31
home_season_avg_margin=29
away_season_avg_margin=28
away_sp_last_5_k9=27
home_season_avg_runs_scored=24
home_season_avg_runs_allowed=23
home_last_10_avg_margin=21
home_sp_last_10_k9=21
away_sp_season_k9=21
away_sp_last_10_k9=19
away_season_avg_runs_allowed=17
home_last_10_avg_hits_scored=16
home_last_10_avg_bb_scored=16
home_sp_season_whip=16
away_sp_last_5_whip=16
away_sp_last_3_k9=16
away_last_10_avg_bb_scored=14
home_sp_last_10_whip=14
away_sp_season_whip=14
home_sp_last_5_k9=13
home_sp_last_5_whip=12
away_last_20_avg_runs_scored=11
away_sp_last_5_era=11
away_sp_last_10_whip=11
home_last_20_avg_runs_scored=10
home_games_played_season=10
away_season_avg_runs_scored=10
away_last_20_avg_runs_allowed=10
home_sp_last_3_era=10
home_sp_season_era=10
away_sp_last_3_whip=10
home_last_20_avg_runs_allowed=9
home_season_win_rate=9
away_last_5_avg_runs_scored=9
away_sp_last_10_era=9
home_last_5_avg_runs_allowed=8
away_last_5_avg_margin=8
home_sp_last_5_era=8
home_sp_last_3_whip=8
away_sp_last_3_era=8
away_last_5_avg_runs_allowed=7
away_last_10_avg_margin=7
home_sp_last_10_era=7
away_sp_season_era=7
home_last_5_avg_margin=6
away_last_10_avg_runs_scored=6
away_last_10_avg_hits_scored=6
home_sp_last_3_k9=6
home_last_10_avg_runs_scored=5
home_last_10_avg_hr_scored=5
away_last_10_avg_hr_scored=5
away_games_played_season=5
home_last_5_avg_runs_scored=3
home_last_10_avg_runs_allowed=3
home_last_10_win_rate=3
away_last_10_avg_runs_allowed=3
away_last_5_win_rate=3
home_last_5_win_rate=2
away_last_10_win_rate=2
home_days_rest=1
home_is_back_to_back=1
away_is_back_to_back=1

parameters:
[boosting: gbdt]
[objective: regression]
[metric: l1,rmse]
[tree_learner: serial]
[device_type: cpu]
[data_sample_strategy: bagging]
[data: ]
[valid: ]
[num_iterations: 1000]
[learning_rate: 0.04]
[num_leaves: 20]
[num_threads: 0]
[seed: 42]
[deterministic: 0]
[force_col_wise: 0]
[force_row_wise: 0]
[histogram_pool_size: -1]
[max_depth: -1]
[min_data_in_leaf: 30]
[min_sum_hessian_in_leaf: 0.001]
[bagging_fraction: 0.8]
[pos_bagging_fraction: 1]
[neg_bagging_fraction: 1]
[bagging_freq: 5]
[bagging_seed: 400]
[bagging_by_query: 0]
[feature_fraction: 0.8]
[feature_fraction_bynode: 1]
[feature_fraction_seed: 30056]
[extra_trees: 0]
[extra_seed: 12879]
[early_stopping_round: 0]
[early_stopping_min_delta: 0]
[first_metric_only: 0]
[max_delta_step: 0]
[lambda_l1: 0]
[lambda_l2: 0]
[linear_lambda: 0]
[min_gain_to_split: 0]
[drop_rate: 0.1]
[max_drop: 50]
[skip_drop: 0.5]
[xgboost_dart_mode: 0]
[uniform_drop: 0]
[drop_seed: 17869]
[top_rate: 0.2]
[other_rate: 0.1]
[min_data_per_group: 100]
[max_cat_threshold: 32]
[cat_l2: 10]
[cat_smooth: 10]
[max_cat_to_onehot: 4]
[top_k: 20]
[monotone_constraints: ]
[monotone_constraints_method: basic]
[monotone_penalty: 0]
[feature_contri: ]
[forcedsplits_filename: ]
[refit_decay_rate: 0.9]
[cegb_tradeoff: 1]
[cegb_penalty_split: 0]
[cegb_penalty_feature_lazy: ]
[cegb_penalty_feature_coupled: ]
[path_smooth: 0]
[interaction_constraints: ]
[verbosity: -1]
[saved_feature_importance_type: 0]
[use_quantized_grad: 0]
[num_grad_quant_bins: 4]
[quant_train_renew_leaf: 0]
[stochastic_rounding: 1]
[linear_tree: 0]
[max_bin: 255]
[max_bin_by_feature: ]
[min_data_in_bin: 3]
[bin_construct_sample_cnt: 200000]
[data_random_seed: 175]
[is_enable_sparse: 1]
[enable_bundle: 1]
[use_missing: 1]
[zero_as_missing: 0]
[feature_pre_filter: 1]
[pre_partition: 0]
[two_round: 0]
[header: 0]
[label_column: ]
[weight_column: ]
[group_column: ]
[ignore_column: ]
[categorical_feature: ]
[forcedbins_filename: ]
[precise_float_parser: 0]
[parser_config_file: ]
[objective_seed: 16083]
[num_class: 1]
[is_unbalance: 0]
[scale_pos_weight: 1]
[sigmoid: 1]
[boost_from_average: 1]
[reg_sqrt: 0]
[alpha: 0.9]
[fair_c: 1]
[poisson_max_delta_step: 0.7]
[tweedie_variance_power: 1.5]
[lambdarank_truncation_level: 30]
[lambdarank_norm: 1]
[label_gain: ]
[lambdarank_position_bias_regularization: 0]
[eval_at: ]
[multi_error_top_k: 1]
[auc_mu_weights: ]
[num_machines: 1]
[local_listen_port: 12400]
[time_out: 120]
[machine_list_filename: ]
[machines: ]
[gpu_platform_id: -1]
[gpu_device_id: -1]
[gpu_use_dp: 0]
[num_gpu: 1]

end of parameters

pandas_categorical:[]
