tree
version=v4
num_class=1
num_tree_per_iteration=1
label_index=0
max_feature_idx=43
objective=binary sigmoid:1
feature_names=home_last_5_avg_pts_scored home_last_10_avg_pts_scored home_last_20_avg_pts_scored home_season_avg_pts_scored home_last_5_avg_pts_allowed home_last_10_avg_pts_allowed home_last_20_avg_pts_allowed home_season_avg_pts_allowed home_last_5_avg_margin home_last_10_avg_margin home_season_avg_margin home_last_5_win_rate home_last_10_win_rate home_season_win_rate home_last_10_avg_possessions home_season_avg_possessions home_last_5_avg_fg_pct home_last_10_avg_fg_pct home_days_rest home_is_back_to_back home_games_played_season home_is_playoffs away_last_5_avg_pts_scored away_last_10_avg_pts_scored away_last_20_avg_pts_scored away_season_avg_pts_scored away_last_5_avg_pts_allowed away_last_10_avg_pts_allowed away_last_20_avg_pts_allowed away_season_avg_pts_allowed away_last_5_avg_margin away_last_10_avg_margin away_season_avg_margin away_last_5_win_rate away_last_10_win_rate away_season_win_rate away_last_10_avg_possessions away_season_avg_possessions away_last_5_avg_fg_pct away_last_10_avg_fg_pct away_days_rest away_is_back_to_back away_games_played_season away_is_playoffs
feature_infos=[0:136] [0:136] [0:136] [0:138] [0:140] [0:140] [0:140] [0:140] [-36:38.5] [-36:38.5] [-36:38.5] [0:1] [0:1] [0:1] [0:111.03999999999999] [0:116.63999999999999] [0:0.58620689655172409] [0:0.58620689655172409] [1:14] [0:1] [0:25] none [0:140] [0:140] [0:140] [0:140] [0:134.19999999999999] [0:130.59999999999999] [0:128.94444444444446] [0:141] [-25:36] [-21.5:36] [-21.5:36] [0:1] [0:1] [0:1] [0:113.2] [0:125.59999999999999] [0:0.54920100925147186] [0:0.54920100925147186] [1:14] [0:1] [0:24] none
tree_sizes=1343 1375 1380 1383 1381 1388 1382 1489 1470 1388 1589 1486 1493

Tree=0
num_leaves=12
num_cat=0
split_feature=9 28 29 31 14 38 8 4 26 3 16
split_gain=40.6568 19.3708 11.0085 6.71507 5.73804 7.39609 3.66768 6.14408 3.12789 2.25917 1.15463
threshold=1.7500000000000002 117.24285714285716 115.96153846153847 -7.0499999999999989 103.23422222222224 0.47600411269915993 -4.8999999999999995 112.10000000000001 114.55000000000001 122.05263157894738 0.46737664554333985
decision_type=2 2 2 2 2 2 2 2 2 2 2
left_child=1 4 8 -3 6 -6 -1 -8 -2 10 -4
right_child=2 3 9 -5 5 -7 7 -9 -10 -11 -12
leaf_value=0.097677382598851004 0.20336597288560654 0.22643418773663479 0.22804700784274479 0.1715983041288939 0.18055841582950516 0.12551772966860741 0.10631749031015476 0.16775825625720336 0.1642673036465756 0.21191880678164454 0.25223930943439521
leaf_weight=5.9523067474365225 8.184421777725218 6.200319528579711 4.9602556228637722 8.4324345588684064 8.9284601211547834 6.9443578720092765 5.2082684040069598 5.208268404006958 5.4562811851501456 4.9602556228637686 8.6804473400115949
leaf_count=24 33 25 20 34 36 28 21 21 22 20 35
internal_value=0.180446 0.156665 0.21502 0.194834 0.139342 0.156478 0.122725 0.137038 0.187727 0.235036 0.243442
internal_weight=79.1161 46.8744 32.2417 14.6328 32.2417 15.8728 16.3688 10.4165 13.6407 18.601 13.6407
internal_count=319 189 130 59 130 64 66 42 55 75 55
is_linear=0
shrinkage=1


Tree=1
num_leaves=12
num_cat=0
split_feature=9 28 28 42 5 25 2 26 3 5 22
split_gain=37.5434 17.791 9.02543 8.72485 5.23752 4.97884 6.62202 3.73534 2.89358 1.98101 1.69178
threshold=1.7500000000000002 117.24285714285716 114.62352941176472 9.5000000000000018 119.45000000000002 120.4248120300752 115.11666666666669 113.10000000000001 122.55555555555557 111.63333333333334 119.30000000000003
decision_type=2 2 2 2 2 2 2 2 2 2 2
left_child=1 3 7 5 -3 6 -1 -2 9 -4 -5
right_child=2 4 8 10 -6 -7 -8 -9 -10 -11 -12
leaf_value=-0.029345240663983085 0.027337835092873474 0.037442071692887859 0.042946910033914584 -0.049616587505680591 -0.010630968572679911 -0.054227088948825442 0.027969790733386023 -0.01863737390947336 0.023942550807688624 0.071513033930292139 -0.07796346124663496
leaf_weight=8.4548845589160937 6.1851662099361402 7.91986036300659 6.9092027246952084 7.7112799584865552 6.6884390115737915 4.9713009148836127 5.2145366370677939 5.2085391581058502 4.945825368165969 8.8717311173677427 5.9816818833351135
leaf_count=34 25 32 28 31 27 20 21 21 20 36 24
internal_value=0.00159666 -0.0212042 0.0349187 -0.0377563 0.0154317 -0.0199477 -0.00748101 0.00632064 0.0506393 0.0590062 -0.0619997
internal_weight=79.0624 46.942 32.1205 32.3337 14.6083 18.6407 13.6694 11.3937 20.7268 15.7809 13.693
internal_count=319 189 130 130 59 75 55 46 84 64 55
is_linear=0
shrinkage=0.04


Tree=2
num_leaves=12
num_cat=0
split_feature=9 28 29 42 31 0 4 37 4 25 10
split_gain=34.6981 16.3603 9.78066 7.99844 6.16517 5.85629 3.68319 3.08132 2.95637 2.06524 0.502195
threshold=1.7500000000000002 117.24285714285716 115.96153846153847 9.5000000000000018 -7.0499999999999989 111.90000000000002 119.50000000000001 101.96333333333335 122.10000000000001 117.1769230769231 5.2954545454545459
decision_type=2 2 2 2 2 2 2 2 2 2 2
left_child=1 3 7 5 -3 -1 -7 -2 -5 10 -4
right_child=2 4 9 8 -6 6 -8 -9 -10 -11 -12
leaf_value=-0.043043206159641259 0.030426779777398112 0.04527504241256889 0.053354956611271764 -0.073378880070196315 -0.00738489733809911 0.026212945772742517 -0.022494408191528311 -0.0081682656450088129 -0.034793978656754307 0.035352594129631404 0.070259025613675322
leaf_weight=8.7238413095474261 5.6884697526693362 6.1551752835512152 4.8901109993457812 8.7388741523027402 8.4275943934917432 4.970040023326872 4.9660513401031494 7.914872795343399 4.9922246038913718 6.8642927706241599 6.6168684661388397
leaf_count=35 23 25 20 35 34 20 20 32 20 28 27
internal_value=0.00153857 -0.0203399 0.0336801 -0.0361791 0.0148421 -0.0191282 0.00186905 0.00797091 -0.0593505 0.0527169 0.0630753
internal_weight=78.9484 46.9738 31.9746 32.391 14.5828 18.6599 9.93609 13.6033 13.7311 18.3713 11.507
internal_count=319 189 130 130 59 75 40 55 55 75 47
is_linear=0
shrinkage=0.04


Tree=3
num_leaves=12
num_cat=0
split_feature=9 28 29 20 0 31 36 15 25 36 20
split_gain=32.0904 15.0619 9.15258 6.49625 6.25818 5.72295 3.101 1.96692 1.95282 1.61889 0.492995
threshold=1.7500000000000002 117.24285714285716 115.96153846153847 8.5000000000000018 111.90000000000002 -7.0499999999999989 102.63400000000003 104.39800000000001 117.1769230769231 101.75800000000002 13.500000000000002
decision_type=2 2 2 2 2 2 2 2 2 2 2
left_child=1 3 6 4 -1 -3 -2 9 10 -5 -4
right_child=2 5 8 7 -6 -7 -8 -9 -10 -11 -12
leaf_value=-0.043407808888137264 -0.0085403634561102369 0.043733370715865569 0.068324706653138639 -0.080360580410316726 0.0046001640829729795 -0.0070847094987603332 0.030194681223059985 -0.033519510363966297 0.034118500303332369 -0.048158592104744068 0.051493142595559781
leaf_weight=8.241286829113962 7.9066540300846118 6.1180177479982367 6.5502822399139422 4.9961853027343732 9.1882048249244672 8.4331769347190839 5.6841732710599899 4.9948814511299124 6.82879814505577 4.9953509122133255 4.8427677750587463
leaf_count=33 32 25 27 20 37 34 23 20 28 20 20
internal_value=0.00148343 -0.0195274 0.0325031 -0.034704 -0.0180997 0.0142816 0.00766003 -0.054015 0.0510324 -0.0642609 0.0611702
internal_weight=78.7798 46.9671 31.8127 32.4159 17.4295 14.5512 13.5908 14.9864 18.2218 9.99154 11.3931
internal_count=319 189 130 130 70 59 55 60 75 40 47
is_linear=0
shrinkage=0.04


Tree=4
num_leaves=12
num_cat=0
split_feature=9 28 29 42 31 0 4 36 31 3 16
split_gain=29.7003 13.8812 8.58351 6.86409 5.31708 4.9596 3.37188 2.86762 2.68258 2.03339 1.06796
threshold=1.7500000000000002 117.24285714285716 115.96153846153847 9.5000000000000018 -7.0499999999999989 111.90000000000002 119.50000000000001 102.63400000000003 5.757142857142858 122.05263157894738 0.46737664554333985
decision_type=2 2 2 2 2 2 2 2 2 2 2
left_child=1 3 7 5 -3 -1 -7 -2 -5 10 -4
right_child=2 4 9 8 -6 6 -8 -9 -10 -11 -12
leaf_value=-0.039503882079815679 -0.0081913663514337591 0.042276391648283014 0.042616365529948776 -0.072151154103222592 -0.0067970861192377541 0.025145548873738748 -0.021464896448619791 0.029087555768439938 -0.036786577985922615 0.027331900786768438 0.066243129689925365
leaf_weight=8.7455849945545214 7.9136319160461444 6.0765490382909766 4.8258890360593822 6.9907264262437803 8.4383216202259046 4.9585494846105558 4.9745823889970779 5.6648942083120346 6.7414496690034866 4.857492357492446 8.3701515942811948
leaf_count=35 32 25 20 28 34 20 20 23 27 20 35
internal_value=0.00143108 -0.018762 0.0313873 -0.033321 0.0137472 -0.0175375 0.00180271 0.00736122 -0.0547898 0.049458 0.0576026
internal_weight=78.5578 46.9258 31.6321 32.4109 14.5149 18.6787 9.93313 13.5785 13.7322 18.0535 13.196
internal_count=319 189 130 130 59 75 40 55 55 75 55
is_linear=0
shrinkage=0.04


Tree=5
num_leaves=12
num_cat=0
split_feature=10 28 23 4 13 14 6 39 38 20 26
split_gain=25.5202 15.6459 7.52524 7.37247 5.77183 5.54247 9.8469 4.43499 3.56882 3.05448 0.898702
threshold=2.6201923076923079 120.92954545454548 119.45000000000002 113.90000000000002 0.64852941176470602 100.94200000000001 118.21538461538462 0.48146266911138452 0.48579864168426107 7.5000000000000009 115.90000000000002
decision_type=2 2 2 2 2 2 2 2 2 2 2
left_child=1 2 5 7 -5 -1 -7 10 -4 -8 -2
right_child=3 -3 8 4 -6 6 9 -9 -10 -11 -12
leaf_value=-0.04768991760223168 0.045601209286857305 0.033686911176846773 -0.028817401849857403 0.029083816935427532 -0.026394220727295584 0.023852929394856545 -0.0050005909252727508 0.011814641270509631 -0.072569430633017726 -0.044959410431374497 0.066080381941870742
leaf_weight=6.9527626931667355 6.5891524106264168 7.9976205825805655 5.2161097377538663 6.7961038351058942 5.372407466173172 9.60143591463566 4.9693209379911405 4.8650007247924796 6.9675272554159164 7.9694397300481796 7.1477719694375992
leaf_count=28 27 33 21 28 22 39 20 20 28 32 30
internal_value=0.000172801 -0.0175591 -0.0273931 0.0287983 0.00459022 -0.0164685 -0.00683794 0.044634 -0.0538381 -0.0296126 0.0562572
internal_weight=80.4447 49.6742 41.6766 30.7704 12.1685 29.493 22.5402 18.6019 12.1836 12.9388 13.7369
internal_count=328 201 168 127 50 119 91 77 49 52 57
is_linear=0
shrinkage=0.04


Tree=6
num_leaves=12
num_cat=0
split_feature=10 28 23 4 12 14 5 39 20 36 26
split_gain=23.6259 14.4546 6.95409 6.90238 6.41111 5.12432 10.7132 4.18558 3.8086 3.41871 0.87508
threshold=2.6201923076923079 120.92954545454548 119.45000000000002 113.90000000000002 0.68333333333333346 101.27700000000002 117.66250000000001 0.48146266911138452 7.5000000000000009 102.97800000000002 115.90000000000002
decision_type=2 2 2 2 2 2 2 2 2 2 2
left_child=1 2 5 7 -5 -1 -7 10 -8 -4 -2
right_child=3 -3 9 4 -6 6 8 -9 -10 -11 -12
leaf_value=-0.043866969798522532 0.044099350629025119 0.032534490747187249 -0.069396573901244249 0.03236379269668558 -0.025773969197501093 0.029698296813818671 -0.001288222983521294 0.011363737612911144 -0.044996361785599091 -0.026259066238089469 0.064418691739484182
leaf_weight=7.7002838551998165 6.54196640849114 7.9506309181451789 7.1935600340366346 6.31246569752693 5.8448933064937592 8.3423163741827029 5.2157020270824423 4.8559067845344535 8.2120301127433759 4.9706234186887741 7.0410096794366837
leaf_count=31 27 33 29 26 24 34 21 20 33 20 30
internal_value=0.000169253 -0.0168867 -0.0263243 0.0278106 0.0044129 -0.0158215 -0.00590159 0.0432375 -0.0280189 -0.0517694 0.0546323
internal_weight=80.1814 49.5851 41.6345 30.5962 12.1574 29.4703 21.77 18.4389 13.4277 12.1642 13.583
internal_count=328 201 168 127 50 119 88 77 54 49 57
is_linear=0
shrinkage=0.04


Tree=7
num_leaves=13
num_cat=0
split_feature=8 28 10 1 22 31 35 26 40 10 10 34
split_gain=21.8954 8.84468 9.32474 8.05719 5.92917 6.14245 5.50578 5.93262 3.45571 2.58683 2.36876 0.257326
threshold=3.7000000000000006 120.92954545454548 2.6201923076923079 122.85000000000001 120.30000000000003 5.757142857142858 0.51315789473684215 113.10000000000001 2.5000000000000004 -4.9772727272727257 4.6794871794871806 0.41428571428571431
decision_type=2 2 2 2 2 2 2 2 2 2 2 2
left_child=1 2 4 8 5 6 7 -1 10 -6 -2 -12
right_child=3 -3 -4 -5 9 -7 -8 -9 -10 -11 11 -13
leaf_value=-0.045754289956968099 0.027946890792114001 0.023515894047655583 0.018658244955893324 -0.013375822558190094 -0.075112290509593768 0.019913056965843823 -0.063147749136007209 0.0043062661496552851 0.013163423330654489 -0.036943375855639941 0.055557279953707336 0.068001798456303969
leaf_weight=6.4711433798074784 4.8091329336166444 8.3576588034629804 7.7765193581581107 5.3267520368099204 4.9552791118621826 5.2243869155645362 5.4515594244003287 9.134047403931616 5.0634433180093756 6.6584170609712583 5.3192236572504026 5.3150340467691422
leaf_count=26 20 35 32 22 20 21 22 37 21 27 23 22
internal_value=0.000165716 -0.0143168 -0.02124 0.0304548 -0.0294277 -0.0189097 -0.028542 -0.0164528 0.04184 -0.0532291 0.0512422 0.0617771
internal_weight=79.8626 54.029 45.6714 25.8336 37.8948 26.2811 21.0568 15.6052 20.5068 11.6137 15.4434 10.6343
internal_count=328 220 185 108 153 106 85 63 86 47 65 45
is_linear=0
shrinkage=0.04


Tree=8
num_leaves=13
num_cat=0
split_feature=8 36 12 1 4 14 0 36 24 17 5 28
split_gain=20.2984 10.2948 7.75358 7.52261 5.59381 5.92681 4.61777 3.7252 4.22141 2.06192 1.68687 0.587609
threshold=3.7000000000000006 103.06600000000002 0.41428571428571431 122.85000000000001 120.7 102.60600000000002 111.10000000000001 102.97800000000002 115.78461538461541 0.45885646353972542 120.35000000000001 118.78409090909092
decision_type=2 2 2 2 2 2 2 2 2 2 2 2
left_child=1 2 9 7 5 -3 -4 8 -2 10 -1 -9
right_child=3 4 6 -5 -6 -7 -8 11 -10 -11 -12 -13
leaf_value=-0.043975797520629516 0.048821399227812388 -0.010848480963020246 -0.038580264814991723 -0.012813316165851709 -0.02000786611174445 0.0407466226337347 0.008298600684286948 0.065751967602690545 -0.0037458823312409568 -0.027210619912796514 -0.075708054802878136 0.046803426398021521
leaf_weight=5.9041563272476214 4.9305499047040993 5.8098340630531338 5.192797824740409 5.3379385769367209 8.3784405738115293 9.2081307172775251 9.5358885228633863 5.6949682235717756 4.8471707850694656 4.949540749192237 4.909014567732811 4.8472917377948761
leaf_count=24 21 24 21 22 34 38 39 24 20 20 20 21
internal_value=0.000161525 -0.0137812 -0.029096 0.0294446 0.00617777 0.0207866 -0.00822918 0.0405455 0.0227619 -0.0485939 -0.0583818 0.0570395
internal_weight=79.5457 53.8878 30.4914 25.6579 23.3964 15.018 14.7287 20.32 9.77772 15.7627 10.8132 10.5423
internal_count=328 220 124 108 96 62 60 86 41 64 44 45
is_linear=0
shrinkage=0.04


Tree=9
num_leaves=12
num_cat=0
split_feature=10 29 5 22 22 14 20 19 27 22 7
split_gain=18.9291 10.4779 8.08081 6.9094 6.09083 6.24208 8.43045 4.08957 4.00371 1.51872 1.62944
threshold=2.6201923076923079 119.04545454545456 119.65000000000002 121.50000000000001 120.90000000000002 100.84800000000001 2.5000000000000004 1.0000000180025095e-35 113.85000000000001 111.10000000000001 113.57518796992483
decision_type=2 2 2 2 2 2 2 2 2 2 2
left_child=1 4 -3 7 5 -1 -7 9 -8 -2 -11
right_child=3 2 -4 -5 -6 6 8 -9 -10 10 -12
leaf_value=-0.05059347317183692 0.02647914022401188 0.039093559879008546 -0.023676899862776546 -0.014926304826230431 -0.055422631189479661 0.039731202349976596 0.0016355978697361348 0.0020118714656567806 -0.039759346970013508 0.064981469604495787 0.036816405257213226
leaf_weight=6.6630158424377468 6.3009997457265952 8.3727089166641218 5.396404117345809 5.5938366204500189 8.8248851001262647 4.8937371224164989 6.9265840351581565 4.9811406582593909 8.1220405101776105 6.3300237208604795 6.8354457765817642
leaf_count=27 27 35 22 23 36 20 28 21 33 27 29
internal_value=0.000158296 -0.0151185 0.0144925 0.0251773 -0.026626 -0.0170743 -0.00587512 0.0343533 -0.0207061 0.042629 0.0503583
internal_weight=79.2408 49.1994 13.7691 30.0414 35.4303 26.6054 19.9424 24.4476 15.0486 19.4665 13.1655
internal_count=328 201 57 127 144 108 81 104 61 83 56
is_linear=0
shrinkage=0.04


Tree=10
num_leaves=14
num_cat=0
split_feature=9 28 40 22 4 2 6 0 11 15 2 11 29
split_gain=22.0946 10.2843 6.85357 5.36865 4.51113 4.47555 4.14989 5.12817 3.32111 2.9148 2.62468 1.32129 0.0320457
threshold=2.0500000000000003 117.24285714285716 2.5000000000000004 121.26666666666668 116.50000000000001 115.21538461538462 118.21538461538462 114.63333333333334 0.36666666666666675 105.79666666666668 116.38750000000002 0.90000000000000013 116.93055555555557
decision_type=2 2 2 2 2 2 2 2 2 2 2 2 2
left_child=1 2 6 4 10 8 7 -1 -3 -8 -2 12 -12
right_child=3 5 -4 -5 -6 -7 9 -9 -10 -11 11 -13 -14
leaf_value=-0.041031833333962479 0.021015070433111453 0.050225859763674156 0.0081267055840832068 -0.0061916556969119413 0.0045898206667618268 -0.016539890731852823 -0.066594979344109295 0.012439836888957629 0.0045310123483864899 -0.029216276240417591 0.066295152805154911 0.038015065268090287 0.061708976174104237
leaf_weight=6.8999465107917803 4.6466635465622046 5.3620683252811414 7.1460890769958487 5.3083687126636496 5.0381775051355353 5.3823792338371268 8.0599758476018888 4.9130050539970398 4.8438046276569366 5.697510138154029 4.7606862783431989 4.6384229212999335 4.9959785640239716
leaf_count=28 20 22 29 22 21 22 33 20 20 23 20 20 22
internal_value=0.00287338 -0.0137647 -0.0265047 0.030221 0.0382481 0.0129737 -0.036183 -0.018793 0.0285386 -0.051115 0.0471536 0.055591 0.0639468
internal_weight=77.6931 48.3048 32.7165 29.3883 24.0799 15.5883 25.5704 11.813 10.2059 13.7575 19.0418 14.3951 9.75666
internal_count=322 197 133 125 103 64 104 48 42 56 82 62 42
is_linear=0
shrinkage=0.04


Tree=11
num_leaves=13
num_cat=0
split_feature=9 32 22 6 7 4 4 2 2 22 11 26
split_gain=20.5101 7.44797 5.03041 4.52472 9.07858 4.26249 4.08929 5.29857 2.50317 2.07124 1.27189 0.0262262
threshold=2.0500000000000003 0.17692307692307696 121.26666666666668 119.39015151515153 117.56349206349208 116.50000000000001 119.50000000000001 109.41258741258743 116.38750000000002 119.90000000000002 0.90000000000000013 116.90000000000002
decision_type=2 2 2 2 2 2 2 2 2 2 2 2
left_child=1 6 5 4 -3 8 7 -1 -2 -5 11 -10
right_child=2 3 -4 9 -6 -7 -8 -9 10 -11 -12 -13
leaf_value=-0.008425347228006223 0.020286329997313328 -0.03934352522324696 -0.0059379206704655877 -0.030125442328706439 0.023932767187582207 0.0044099739997331281 -0.016213128253521822 0.044633890480345877 0.064511686501478899 -0.062667642140487215 0.036871651636252237 0.060326994866688376
leaf_weight=5.6490103751420992 4.6215582638979056 8.3476284593343753 5.313682332634925 7.1335395276546461 6.4165621250867835 5.0339846909046164 8.604715943336485 6.4491879642009735 4.9151358902454358 5.5750424116849899 4.5919228196144095 4.6757661402225494
leaf_count=23 20 34 22 29 26 21 35 27 21 23 20 21
internal_value=0.00277372 -0.0132512 0.029256 -0.0269043 -0.0118435 0.0371009 0.00486637 0.0198589 0.0458523 -0.0444012 0.0541832 0.0624716
internal_weight=77.3277 48.1757 29.1521 27.4728 14.7642 23.8384 20.7029 12.0982 18.8044 12.7086 14.1828 9.5909
internal_count=322 197 125 112 60 103 85 50 82 52 62 42
is_linear=0
shrinkage=0.04


Tree=12
num_leaves=13
num_cat=0
split_feature=9 28 40 36 37 14 25 39 9 34 42 32
split_gain=19.0472 9.10715 6.29292 4.65437 6.19923 4.25207 4.34655 3.97358 5.4544 4.77334 3.5521 0.215035
threshold=2.0500000000000003 117.24285714285716 2.5000000000000004 103.06600000000002 101.04705263157895 104.18742857142858 115.81140350877193 0.48502880460430037 -3.8999999999999995 0.58571428571428574 6.5000000000000009 -3.2609890109890105
decision_type=2 2 2 2 2 2 2 2 2 2 2 2
left_child=1 2 7 4 -2 6 -3 8 9 -1 -5 -12
right_child=3 5 -4 10 -6 -7 -8 -9 -10 -11 11 -13
leaf_value=-0.072000262132982912 0.04795414079710824 0.051870826328651955 0.0083879265922282668 0.016623302418390256 -0.0080083959087061882 -0.017136454615515103 -5.6964554056061812e-05 -0.058655598237690183 0.00033553843080328104 -0.016152682038533726 0.051138804389061321 0.062993054807264956
leaf_weight=4.8851013481616992 4.8827216476202038 5.4413871765136701 7.1364003717899314 5.091518208384513 9.0137458145618421 5.1806578636169425 4.9029690325260162 7.461162567138671 8.1165548861026782 4.909708172082901 4.4065890014171591 5.5097064673900595
leaf_count=20 21 23 29 22 38 21 20 31 33 20 20 24
internal_value=0.00267906 -0.0127597 -0.0247959 0.0283356 0.0116548 0.0124439 0.0272583 -0.0341294 -0.0239128 -0.0440063 0.0437811 0.0577253
internal_weight=76.9382 48.0339 32.5089 28.9043 13.8965 15.525 10.3444 25.3725 17.9114 9.79481 15.0078 9.9163
internal_count=322 197 133 125 59 64 43 104 73 40 66 44
is_linear=0
shrinkage=0.04


end of trees

feature_importances:
away_last_20_avg_pts_allowed=12
home_last_5_avg_pts_allowed=10
home_last_10_avg_margin=9
away_last_5_avg_pts_scored=8
home_season_avg_margin=7
away_last_10_avg_possessions=7
home_last_10_avg_possessions=6
away_last_5_avg_pts_allowed=6
away_season_avg_pts_allowed=6
away_last_10_avg_margin=6
home_last_5_avg_pts_scored=5
home_last_20_avg_pts_scored=5
home_last_10_avg_pts_allowed=5
home_games_played_season=5
away_season_avg_pts_scored=4
away_games_played_season=4
home_season_avg_pts_scored=3
home_last_20_avg_pts_allowed=3
home_last_5_avg_margin=3
home_last_5_win_rate=3
away_last_10_avg_fg_pct=3
away_days_rest=3
home_last_10_avg_pts_scored=2
home_season_avg_pts_allowed=2
home_last_10_win_rate=2
home_season_avg_possessions=2
home_last_5_avg_fg_pct=2
away_last_10_avg_pts_scored=2
away_season_avg_margin=2
away_last_10_win_rate=2
away_season_avg_possessions=2
away_last_5_avg_fg_pct=2
home_season_win_rate=1
home_last_10_avg_fg_pct=1
home_is_back_to_back=1
away_last_20_avg_pts_scored=1
away_last_10_avg_pts_allowed=1
away_season_win_rate=1

parameters:
[boosting: gbdt]
[objective: binary]
[metric: binary_logloss,auc]
[tree_learner: serial]
[device_type: cpu]
[data_sample_strategy: bagging]
[data: ]
[valid: ]
[num_iterations: 1000]
[learning_rate: 0.04]
[num_leaves: 15]
[num_threads: 0]
[seed: 42]
[deterministic: 0]
[force_col_wise: 0]
[force_row_wise: 0]
[histogram_pool_size: -1]
[max_depth: -1]
[min_data_in_leaf: 20]
[min_sum_hessian_in_leaf: 0.001]
[bagging_fraction: 0.8]
[pos_bagging_fraction: 1]
[neg_bagging_fraction: 1]
[bagging_freq: 5]
[bagging_seed: 400]
[bagging_by_query: 0]
[feature_fraction: 0.8]
[feature_fraction_bynode: 1]
[feature_fraction_seed: 30056]
[extra_trees: 0]
[extra_seed: 12879]
[early_stopping_round: 0]
[early_stopping_min_delta: 0]
[first_metric_only: 0]
[max_delta_step: 0]
[lambda_l1: 0]
[lambda_l2: 0]
[linear_lambda: 0]
[min_gain_to_split: 0]
[drop_rate: 0.1]
[max_drop: 50]
[skip_drop: 0.5]
[xgboost_dart_mode: 0]
[uniform_drop: 0]
[drop_seed: 17869]
[top_rate: 0.2]
[other_rate: 0.1]
[min_data_per_group: 100]
[max_cat_threshold: 32]
[cat_l2: 10]
[cat_smooth: 10]
[max_cat_to_onehot: 4]
[top_k: 20]
[monotone_constraints: ]
[monotone_constraints_method: basic]
[monotone_penalty: 0]
[feature_contri: ]
[forcedsplits_filename: ]
[refit_decay_rate: 0.9]
[cegb_tradeoff: 1]
[cegb_penalty_split: 0]
[cegb_penalty_feature_lazy: ]
[cegb_penalty_feature_coupled: ]
[path_smooth: 0]
[interaction_constraints: ]
[verbosity: -1]
[saved_feature_importance_type: 0]
[use_quantized_grad: 0]
[num_grad_quant_bins: 4]
[quant_train_renew_leaf: 0]
[stochastic_rounding: 1]
[linear_tree: 0]
[max_bin: 255]
[max_bin_by_feature: ]
[min_data_in_bin: 3]
[bin_construct_sample_cnt: 200000]
[data_random_seed: 175]
[is_enable_sparse: 1]
[enable_bundle: 1]
[use_missing: 1]
[zero_as_missing: 0]
[feature_pre_filter: 1]
[pre_partition: 0]
[two_round: 0]
[header: 0]
[label_column: ]
[weight_column: ]
[group_column: ]
[ignore_column: ]
[categorical_feature: ]
[forcedbins_filename: ]
[precise_float_parser: 0]
[parser_config_file: ]
[objective_seed: 16083]
[num_class: 1]
[is_unbalance: 0]
[scale_pos_weight: 1]
[sigmoid: 1]
[boost_from_average: 1]
[reg_sqrt: 0]
[alpha: 0.9]
[fair_c: 1]
[poisson_max_delta_step: 0.7]
[tweedie_variance_power: 1.5]
[lambdarank_truncation_level: 30]
[lambdarank_norm: 1]
[label_gain: ]
[lambdarank_position_bias_regularization: 0]
[eval_at: ]
[multi_error_top_k: 1]
[auc_mu_weights: ]
[num_machines: 1]
[local_listen_port: 12400]
[time_out: 120]
[machine_list_filename: ]
[machines: ]
[gpu_platform_id: -1]
[gpu_device_id: -1]
[gpu_use_dp: 0]
[num_gpu: 1]

end of parameters

pandas_categorical:[]
