tree
version=v4
num_class=1
num_tree_per_iteration=1
label_index=0
max_feature_idx=16
objective=poisson
feature_names=last_5_avg_assists last_10_avg_assists last_20_avg_assists season_avg_assists last_10_rate_over_0.5_assists last_10_rate_over_1.5_assists last_10_rate_over_2.5_assists last_5_avg_shots last_10_avg_shots last_5_avg_powerplay_points last_10_avg_powerplay_points last_5_avg_minutes last_10_avg_minutes season_avg_minutes last_10_avg_points days_rest games_played_season
feature_infos=[0:2] [0:2] [0:2] [0:2] [0:0.75] [0:0.33329999999999999] none [0:5] [0:5] [0:1] [0:1] [4.75:31.469999999999999] [4.75:31.469999999999999] [4.75:31.469999999999999] [0:2] [2:3] [1:3]
tree_sizes=1136 1161 1161 1169 1164 1162 1163 1165 1167 1167 1171 1172 1173 1177 1177 1172 1171 1169 1176 1174 1192 1190 1194 1172 1176 1175 1184 1176 1198 1175 1192 1181 1183 1198 1184 1182 1179 1182 1184 1173 1183 1182 1183 1192 1200 1201 1189 1203 1192 1206 1186 1189 1182 1202 1195 1194 1189 1203 1204 1191 1206 1207 1192 1203

Tree=0
num_leaves=10
num_cat=0
split_feature=11 15 11 11 11 11 14 0 11
split_gain=2.45223 3.07244 3.74783 1.99596 0.771009 0.761498 1.22345 2.45735 1.27004
threshold=11.203350000000002 2.5000000000000004 12.525 16.377500000000005 17.125000000000004 18.632500000000004 0.58335000000000015 1.0000000180025095e-35 22.853350000000002
decision_type=2 2 2 2 2 2 2 2 2
left_child=-1 2 -2 -4 -5 -6 7 8 -7
right_child=1 -3 3 4 5 6 -8 -9 -10
leaf_value=-1.2603231008001989 -1.2139948159138452 -1.2154461365536586 -1.2620536768020214 -1.228259161972524 -1.2556866394868811 -1.2359110673632079 -1.2527980948315141 -1.212111843621829 -1.2593213619739883
leaf_weight=19.135921955108643 6.95851707458496 8.1182699203491193 17.396292686462402 5.2188878059387198 12.17740488052368 12.757281303405767 15.65666341781616 5.7987642288207999 7.5383934974670401
leaf_count=33 12 14 30 9 21 22 27 10 13
internal_value=-1.24494 -1.24147 -1.24463 -1.24813 -1.24361 -1.24564 -1.24235 -1.23597 -1.24512
internal_weight=110.756 91.6205 83.5022 76.5437 59.1474 53.9285 41.7511 26.0944 20.2957
internal_count=191 158 144 132 102 93 72 45 35
is_linear=0
shrinkage=1


Tree=1
num_leaves=10
num_cat=0
split_feature=11 15 11 7 0 7 11 7 11
split_gain=2.3759 2.86736 3.5207 2.61314 3.11933 1.99088 1.55933 1.77073 1.53601
threshold=11.203350000000002 2.5000000000000004 12.525 1.8333500000000003 0.58335000000000015 0.83335000000000015 18.632500000000004 2.5833500000000007 18.165850000000002
decision_type=2 2 2 2 2 2 2 2 2
left_child=-1 2 -2 5 6 -4 8 -8 -5
right_child=1 -3 3 4 -6 -7 7 -9 -10
leaf_value=-0.015250472705121447 0.029616268961516774 0.028220037449423842 0.004489124689395242 0.0122136162404485 -0.016378918681539418 -0.019473167236510699 0.043405910027965844 0.0066550362602012083 -0.017293171219652442
leaf_weight=18.843809723854065 7.1772179603576651 8.3612769842147809 11.631667017936705 11.488651871681219 9.7934251427650434 25.941711127758026 5.3225946426391584 7.5177125334739685 4.589425563812255
leaf_count=33 12 14 20 20 17 45 9 13 8
internal_value=1.95928e-05 0.00341156 0.000324 -0.00311815 0.00586597 -0.0122031 0.0139716 0.0256858 0.00280965
internal_weight=110.667 91.8237 83.4624 76.2852 38.7118 37.5734 28.9184 12.8403 16.0781
internal_count=191 158 144 132 67 65 50 22 28
is_linear=0
shrinkage=0.05


Tree=2
num_leaves=10
num_cat=0
split_feature=11 15 11 8 0 8 11 8 11
split_gain=2.302 2.67746 3.30885 2.52201 2.98739 1.94991 1.4613 1.61163 1.48016
threshold=11.203350000000002 2.5000000000000004 12.525 1.8333500000000003 0.58335000000000015 0.83335000000000015 18.632500000000004 2.5833500000000007 18.165850000000002
decision_type=2 2 2 2 2 2 2 2 2
left_child=-1 2 -2 5 6 -4 8 -8 -5
right_child=1 -3 3 4 -6 -7 7 -9 -10
leaf_value=-0.015117591747535176 0.028365742767595625 0.027022408898506267 0.0043769987499098079 0.011829924222312936 -0.016263360456034385 -0.019375521550112285 0.041274374906068279 0.0064898555900656909 -0.017202096438146845
leaf_weight=18.558613300323486 7.3929591178894034 8.6005940437316877 11.68400067090988 11.629830539226537 9.6343258023262006 25.441430270671844 5.5587142109870893 7.567909836769104 4.5107421874999991
leaf_count=33 12 14 20 20 17 45 9 13 8
internal_value=3.9099e-05 0.00335244 0.000336512 -0.0030463 0.0057236 -0.0120586 0.0135387 0.0247296 0.00271444
internal_weight=110.579 92.0205 83.4199 76.027 38.9015 37.1254 29.2672 13.1266 16.1406
internal_count=191 158 144 132 67 65 50 22 28
is_linear=0
shrinkage=0.05


Tree=3
num_leaves=10
num_cat=0
split_feature=11 11 11 7 1 1 7 7 11
split_gain=2.22977 2.44269 2.91735 1.17333 3.73758 3.28926 2.55013 1.32416 0.885181
threshold=11.203350000000002 12.525 16.377500000000005 1.8333500000000003 0.83335000000000015 0.58335000000000015 2.5833500000000007 0.83335000000000015 18.732500000000005
decision_type=2 2 2 2 2 2 2 2 2
left_child=-1 -2 -3 4 7 6 -5 -4 -8
right_child=1 2 3 5 -6 -7 8 -9 -10
leaf_value=-0.014984248055085518 0.027187783335057954 -0.016894224151935505 0.005781076172601974 0.033207680278256831 0.02722331946300437 -0.014684577272700082 -0.01085542241687886 -0.017342893234072617 0.011905761949058135
leaf_weight=18.280161559581757 7.6056683063507071 16.860462427139282 7.7894542217254665 13.501479566097261 6.6385436654090872 7.8237155675888053 5.1317910552024832 17.990794897079468 8.8794944882392866
leaf_count=33 12 30 13 22 11 14 9 32 15
internal_value=5.62419e-05 0.00329235 0.000566334 0.00527109 -0.00159607 0.0113193 0.0192079 -0.0104428 0.00325458
internal_weight=110.502 92.2214 84.6157 67.7553 32.4188 35.3365 27.5128 25.7802 14.0113
internal_count=191 158 146 116 56 60 46 45 24
is_linear=0
shrinkage=0.05


Tree=4
num_leaves=10
num_cat=0
split_feature=11 15 11 7 1 7 11 11 7
split_gain=2.1569 2.42249 2.93694 2.35363 2.73959 1.85804 1.28882 1.40955 1.38639
threshold=11.203350000000002 2.5000000000000004 12.525 1.8333500000000003 0.58335000000000015 0.83335000000000015 18.632500000000004 18.165850000000002 2.5833500000000007
decision_type=2 2 2 2 2 2 2 2 2
left_child=-1 2 -2 5 6 -4 7 -5 -8
right_child=1 -3 3 4 -6 -7 8 -9 -10
leaf_value=-0.014850474237493628 0.026076892827264633 0.025322959774589027 0.0040471533649100574 0.01125307005569629 -0.016038809955595704 -0.019187699108255116 0.037717591102343705 -0.017112723866973451 0.0060365907341575105
leaf_weight=18.008289277553558 7.8152868747711173 8.9598034024238569 11.840308070182799 11.847732782363897 9.3371297121047956 24.527831792831421 5.9885474443435651 4.4353358745574942 7.7084146738052368
leaf_count=33 12 14 20 20 17 45 9 8 13
internal_value=6.35187e-05 0.00322121 0.000312767 -0.0029505 0.00541624 -0.0118065 0.0126835 0.00249977 0.0229289
internal_weight=110.469 92.4604 83.5006 75.6853 39.3172 36.3681 29.98 16.2831 13.697
internal_count=191 158 144 132 67 65 50 28 22
is_linear=0
shrinkage=0.05


Tree=5
num_leaves=10
num_cat=0
split_feature=12 15 12 7 1 7 12 12 7
split_gain=2.08822 2.26672 2.76548 2.26978 2.62542 1.81945 1.21008 1.35972 1.26678
threshold=11.203350000000002 2.5000000000000004 12.525 1.8333500000000003 0.58335000000000015 0.83335000000000015 18.632500000000004 18.165850000000002 2.5833500000000007
decision_type=2 2 2 2 2 2 2 2 2
left_child=-1 2 -2 5 6 -4 7 -5 -8
right_child=1 -3 3 4 -6 -7 8 -9 -10
leaf_value=-0.014716303268833227 0.025028070507414527 0.024293050583236876 0.0039473177901833715 0.010907064605595524 -0.015922090794587781 -0.019086792157980662 0.035965801176016769 -0.017021419274588109 0.005888912987156345
leaf_weight=17.742833197116852 8.021765470504759 9.18958932161331 11.888324737548826 11.98180884122849 9.1885676980018598 24.061685860157013 6.2187348604202253 4.3600810766220084 7.7550879716873169
leaf_count=33 12 14 20 20 17 45 9 8 13
internal_value=7.68499e-05 0.00316039 0.000319983 -0.00288525 0.00527988 -0.011663 0.0122938 0.00241212 0.0221012
internal_weight=110.408 92.6656 83.4761 75.4543 39.5043 35.95 30.3157 16.3419 13.9738
internal_count=191 158 144 132 67 65 50 28 22
is_linear=0
shrinkage=0.05


Tree=6
num_leaves=10
num_cat=0
split_feature=13 15 13 7 0 7 13 13 0
split_gain=2.02125 2.12248 2.60553 2.18833 2.5165 1.78144 1.13685 1.31215 1.19977
threshold=11.203350000000002 2.5000000000000004 12.525 1.8333500000000003 0.58335000000000015 0.83335000000000015 18.632500000000004 18.165850000000002 1.0000000180025095e-35
decision_type=2 2 2 2 2 2 2 2 2
left_child=-1 2 -2 5 6 -4 7 -5 -8
right_child=1 -3 3 4 -6 -7 8 -9 -10
leaf_value=-0.014581767327196508 0.024036769145554329 0.023320649303675528 0.003850221999891915 0.010574339109949239 -0.015805024411758319 -0.018984776690918279 0.0071570534210265956 -0.016930024339083298 0.036634289476021202
leaf_weight=17.48363596200943 8.2250683307647687 9.4155660271644575 11.935344517230986 12.113210678100591 9.0434250831603986 23.6067795753479 8.931502699851988 4.2864942550659171 5.3158562183380118
leaf_count=33 12 14 20 20 17 45 14 8 8
internal_value=8.82871e-05 0.00309914 0.00032539 -0.00282226 0.0051454 -0.01152 0.011917 0.00232653 0.0213111
internal_weight=110.357 92.8732 83.4577 75.2326 39.6905 35.5421 30.6471 16.3997 14.2474
internal_count=191 158 144 132 67 65 50 28 22
is_linear=0
shrinkage=0.05


Tree=7
num_leaves=10
num_cat=0
split_feature=13 15 13 7 0 7 13 13 7
split_gain=1.95644 1.98838 2.45575 2.11048 2.41391 1.74402 1.07095 1.26669 1.14703
threshold=11.203350000000002 2.5000000000000004 12.525 1.8333500000000003 0.58335000000000015 0.83335000000000015 18.632500000000004 18.165850000000002 2.5833500000000007
decision_type=2 2 2 2 2 2 2 2 2
left_child=-1 2 -2 5 6 -4 7 -5 -8
right_child=1 -3 3 4 -6 -7 8 -9 -10
leaf_value=-0.01444689928596803 0.023098841213994629 0.022401494865489539 0.0037557770271387904 0.010254237987550116 -0.01568763768202075 -0.018881663735772266 0.033404357542542888 -0.016838558141296089 0.005348969804260301
leaf_weight=17.230544149875641 8.4251675605773908 9.6377236843109113 11.981386661529539 12.241979598999029 8.9016174077987653 23.162838220596313 6.5802411437034589 4.2145345211029044 7.929624080657959
leaf_count=33 12 14 20 20 17 45 9 8 13
internal_value=9.96531e-05 0.00303984 0.000331365 -0.00275928 0.00501832 -0.0113774 0.0115611 0.00224294 0.0205774
internal_weight=110.306 93.0751 83.4374 75.0122 39.868 35.1442 30.9664 16.4565 14.5099
internal_count=191 158 144 132 67 65 50 28 22
is_linear=0
shrinkage=0.05


Tree=8
num_leaves=10
num_cat=0
split_feature=11 15 11 7 1 7 11 7 11
split_gain=1.89288 1.86438 2.3162 2.03382 2.3148 1.70718 1.01813 1.33424 0.822089
threshold=11.203350000000002 2.5000000000000004 12.525 1.8333500000000003 0.58335000000000015 0.83335000000000015 21.225000000000005 2.4166500000000002 20.435000000000006
decision_type=2 2 2 2 2 2 2 2 2
left_child=-1 2 -2 5 6 8 7 -5 -4
right_child=1 -3 3 4 -6 -7 -8 -9 -10
leaf_value=-0.014311736202237019 0.022210506704501639 0.021531714537069216 -0.010109615517550602 0.01724243621035396 -0.015569954969869342 -0.018777465155763496 0.024585414558090435 -0.0052441730559940388 0.012947034484044754
leaf_weight=16.983404338359833 8.622043848037718 9.8560593724250776 4.7704417705535871 9.8763567805290275 8.7630612850189191 22.729588687419891 8.1115404963493329 13.300338149070738 7.256028950214386
leaf_count=33 12 14 8 15 17 45 12 23 12
internal_value=0.000107822 0.00297832 0.000333718 -0.00270041 0.00488821 -0.0112354 0.0112092 0.00494663 0.0036639
internal_weight=110.269 93.2855 83.4294 74.8074 40.0513 34.7561 31.2882 23.1767 12.0265
internal_count=191 158 144 132 67 65 50 38 20
is_linear=0
shrinkage=0.05


Tree=9
num_leaves=10
num_cat=0
split_feature=13 15 13 7 0 7 0 13 13
split_gain=1.83164 1.74867 2.18512 1.96179 2.22231 1.67031 0.970572 1.04892 0.787923
threshold=11.203350000000002 2.5000000000000004 12.525 1.8333500000000003 0.58335000000000015 0.83335000000000015 1.0000000180025095e-35 18.732500000000005 20.435000000000006
decision_type=2 2 2 2 2 2 2 2 2
left_child=-1 2 -2 5 6 8 -5 -8 -4
right_child=1 -3 3 4 -6 -7 7 -9 -10
leaf_value=-0.014176306711567804 0.021368313800085473 0.020707783835619553 -0.010004547891945289 0.0037738094573281445 -0.015452002982409048 -0.0186721927935578 0.0030340210040881513 0.033463516495495914 0.012565034088189745
leaf_weight=16.742074906826019 8.8156864643096906 10.070578336715696 4.7224575281143171 20.712891340255741 8.627677381038664 22.306766450405121 5.1656491756439191 5.7137943506240845 7.3505839705467224
leaf_count=33 12 14 8 33 17 45 9 8 12
internal_value=0.000116867 0.00291989 0.00033781 -0.00264046 0.00476946 -0.0110948 0.010883 0.0217301 0.00356961
internal_weight=110.228 93.4861 83.4155 74.5998 40.22 34.3798 31.5923 10.8794 12.073
internal_count=191 158 144 132 67 65 50 17 20
is_linear=0
shrinkage=0.05


Tree=10
num_leaves=10
num_cat=0
split_feature=11 15 11 7 1 7 11 11 1
split_gain=1.77267 1.64057 2.06186 1.89364 2.13564 1.63395 0.912428 1.19528 1.01004
threshold=11.203350000000002 2.5000000000000004 12.525 1.8333500000000003 0.58335000000000015 0.83335000000000015 18.632500000000004 18.165850000000002 1.0000000180025095e-35
decision_type=2 2 2 2 2 2 2 2 2
left_child=-1 2 -2 5 6 -4 7 -5 -8
right_child=1 -3 3 4 -6 -7 8 -9 -10
leaf_value=-0.014040648804111981 0.020569102461286598 0.019926492539370649 0.003477220665746831 0.0096182643614993804 -0.015333805552781066 -0.018565859758514096 0.0060290614660570268 -0.016737000268731383 0.032030276803699541
leaf_weight=16.506408333778381 9.0060904026031476 10.28129196166992 12.118973731994627 12.504916369915014 8.4953877627849561 21.894114971160889 9.3310917615890485 4.136543095111846 5.908233404159545
leaf_count=33 12 14 20 20 17 45 14 8 8
internal_value=0.000126898 0.00286463 0.000343751 -0.0025793 0.00466039 -0.0109549 0.010579 0.00197435 0.0186561
internal_weight=110.183 93.6766 83.3954 74.3893 40.3762 34.0131 31.8808 16.6415 15.2393
internal_count=191 158 144 132 67 65 50 28 22
is_linear=0
shrinkage=0.05


Tree=11
num_leaves=10
num_cat=0
split_feature=11 11 11 7 0 0 7 7 11
split_gain=1.71449 1.46552 2.53363 0.780571 2.84817 2.25976 1.80292 1.06838 0.675953
threshold=11.203350000000002 12.525 16.377500000000005 1.8333500000000003 0.83335000000000015 0.58335000000000015 2.5833500000000007 0.83335000000000015 21.225000000000005
decision_type=2 2 2 2 2 2 2 2 2
left_child=-1 -2 -3 4 7 6 -5 -4 -8
right_child=1 2 3 5 -6 -7 8 -9 -10
leaf_value=-0.013904794688577096 0.019809984327952185 -0.016382238737494014 0.0044386736079826622 0.025980090054267144 0.022451890302493564 -0.013641608109197149 -0.006355388049197031 -0.016448690045171865 0.01289831944525283
leaf_weight=16.276266932487488 9.193255662918089 15.717303872108458 8.2384571433067375 15.706552505493166 7.5103116631507865 6.907900094985961 8.8076139688491804 15.857787430286406 5.9426906108856192
leaf_count=33 12 30 13 22 11 14 15 32 9
internal_value=0.000132441 0.00280535 0.000544983 0.00475534 -0.00103455 0.0094567 0.0152134 -0.00951447 0.00201553
internal_weight=110.158 93.8819 84.6886 68.9713 31.6066 37.3648 30.4569 24.0962 14.7503
internal_count=191 158 146 116 56 60 46 45 24
is_linear=0
shrinkage=0.05


Tree=12
num_leaves=10
num_cat=0
split_feature=11 16 0 7 14 11 11 7 7
split_gain=1.66364 1.00894 1.11542 1.27135 0.778682 0.731057 2.55113 1.46577 1.66907
threshold=18.732500000000005 2.5000000000000004 0.41665000000000002 1.4166500000000002 0.58335000000000015 11.203350000000002 12.525 1.8333500000000003 2.4166500000000002
decision_type=2 2 2 2 2 2 2 2 2
left_child=5 2 3 -2 -3 -1 -7 -8 -9
right_child=1 4 -4 -5 -6 6 7 8 -10
leaf_value=-0.013768778898025791 -0.0085974975205010701 0.0078561492693383986 0.020930813512330029 0.013941136731515974 -0.01396258394848583 0.019088305737179255 -0.018920013475909714 0.0150061399521077 -0.010759290049580206
leaf_weight=16.051514983177185 10.300479680299761 5.6382243335247022 14.382369667291639 10.887628287076948 7.1710180640220642 9.3771893978118879 14.864830583333967 9.2879118025302905 12.190397113561628
leaf_count=33 19 9 23 16 13 12 30 14 22
internal_value=0.000133905 0.00692277 0.0110941 0.00318762 -0.0045947 -0.00523349 -0.00178545 -0.00788599 0.000711695
internal_weight=110.152 48.3797 35.5705 21.1881 12.8092 61.7718 45.7203 36.3431 21.4783
internal_count=191 80 58 35 22 111 78 66 36
is_linear=0
shrinkage=0.05


Tree=13
num_leaves=10
num_cat=0
split_feature=11 15 11 8 0 8 0 11 11
split_gain=1.60115 1.46829 1.75216 1.71111 1.95332 1.53889 0.87942 0.817669 0.710554
threshold=11.203350000000002 2.5000000000000004 12.525 1.8333500000000003 0.58335000000000015 0.83335000000000015 1.0000000180025095e-35 18.732500000000005 20.435000000000006
decision_type=2 2 2 2 2 2 2 2 2
left_child=-1 2 -2 5 6 8 -5 -8 -4
right_child=1 -3 3 4 -6 -7 7 -9 -10
leaf_value=-0.013632634384689261 0.018401630564179629 0.018536993632805341 -0.0098297051344561244 0.0031275685928805145 -0.015128597506897143 -0.018294903863232775 0.0030081146734948806 0.029684633594465888 0.011541116652391839
leaf_weight=15.832019716501234 9.5579037666320783 10.674797177314757 4.6440969705581647 21.237915068864822 8.273367911577223 20.903313964605331 5.1723175346851331 6.2485116124153137 7.6138261556625366
leaf_count=33 12 14 8 33 17 45 9 8 12
internal_value=0.000132457 0.00267792 0.000268541 -0.00249277 0.00427852 -0.0106188 0.00978418 0.0198519 0.00320136
internal_weight=110.158 94.3261 83.6513 74.0933 40.9321 33.1612 32.6587 11.4208 12.2579
internal_count=191 158 144 132 67 65 50 17 20
is_linear=0
shrinkage=0.05


Tree=14
num_leaves=10
num_cat=0
split_feature=11 15 11 11 7 0 7 7 7
split_gain=1.5487 1.38009 1.65634 1.6512 1.00664 1.76406 1.63009 1.43022 0.446632
threshold=11.203350000000002 2.5000000000000004 12.525 16.377500000000005 1.8333500000000003 0.58335000000000015 2.5833500000000007 0.58335000000000015 2.4166500000000002
decision_type=2 2 2 2 2 2 2 2 2
left_child=-1 2 -2 8 7 6 -6 -5 -4
right_child=1 -3 3 4 5 -7 -8 -9 -10
leaf_value=-0.013496396997612365 0.017747722100878289 0.017864247614803059 -0.020910283244736854 0.0096653260125549711 0.022589841028953925 -0.013425544181957613 -0.00099400386381905343 -0.013950280766372464 -0.0016994261475400262
leaf_weight=15.617652297019957 9.7354130744934064 10.874521076679228 10.671283334493635 8.1366190910339373 14.863635420799257 6.7391239106655112 12.669800370931624 16.352680683135986 4.4703662395477286
leaf_count=33 12 14 22 13 20 14 21 34 8
internal_value=0.000138461 0.00262451 0.000272154 -0.00243691 0.00149742 0.00686573 0.0124051 -0.00596661 -0.0160986
internal_weight=110.131 94.5134 83.6389 73.9035 58.7619 34.2726 27.5334 24.4893 15.1416
internal_count=191 158 144 132 102 55 41 47 30
is_linear=0
shrinkage=0.05


Tree=15
num_leaves=10
num_cat=0
split_feature=11 15 14 7 7 11 11 7 7
split_gain=1.51459 1.26195 0.937782 2.7668 1.4597 0.662125 2.22365 1.36721 1.55078
threshold=18.732500000000005 2.5000000000000004 0.58335000000000015 1.4166500000000002 0.83335000000000015 11.203350000000002 12.525 1.8333500000000003 2.4166500000000002
decision_type=2 2 2 2 2 2 2 2 2
left_child=5 2 3 4 -2 -1 -7 -8 -9
right_child=1 -3 -4 -5 -6 6 7 8 -10
leaf_value=-0.013360098996183598 0.010590421595884962 0.021823787077586015 -0.0070495059921654437 0.022972370887622162 -0.019732739310135812 0.017124519869214809 -0.018665777177842676 0.014028647390719915 -0.010670389561791898
leaf_weight=15.408285856246946 5.048581004142763 8.7100930809974653 14.853914290666578 12.636706769466398 7.7436041831970215 9.9097366333007795 14.169177591800688 9.571865379810335 12.101298421621321
leaf_count=33 8 11 27 17 17 12 30 14 22
internal_value=0.000133526 0.00654096 0.00236048 0.0079704 -0.00795153 -0.00504378 -0.00180077 -0.00766176 0.000501465
internal_weight=110.153 48.9929 40.2828 25.4289 12.7922 61.1604 45.7521 35.8423 21.6732
internal_count=191 80 69 42 25 111 78 66 36
is_linear=0
shrinkage=0.05


Tree=16
num_leaves=10
num_cat=0
split_feature=11 15 14 7 7 11 11 7 7
split_gain=1.44768 1.18167 0.894345 2.59866 1.42334 0.645486 2.11728 1.33922 1.48219
threshold=18.732500000000005 2.5000000000000004 0.58335000000000015 1.4166500000000002 0.83335000000000015 11.203350000000002 12.525 1.8333500000000003 2.4166500000000002
decision_type=2 2 2 2 2 2 2 2 2
left_child=5 2 3 4 -2 -1 -7 -8 -9
right_child=1 -3 -4 -5 -6 6 7 8 -10
leaf_value=-0.013223774331136041 0.010322363491259857 0.021001422548653056 -0.0069387439390838695 0.022032193381656146 -0.019652349007567824 0.016530123785310071 -0.018564250751190448 0.013579806329853625 -0.010540240492124753
leaf_weight=15.203798443078993 5.1023316383361834 8.9022698998451215 14.74956965446472 12.930361598730086 7.5922994911670685 10.080897331237791 13.907152175903319 9.7070918679237383 11.972859412431715
leaf_count=33 8 11 27 17 17 12 30 14 22
internal_value=0.000134557 0.00636725 0.0023016 0.00773757 -0.00783949 -0.00495297 -0.00176015 -0.00754518 0.000494205
internal_weight=110.149 49.2768 40.3746 25.625 12.6946 60.8718 45.668 35.5871 21.68
internal_count=191 80 69 42 25 111 78 66 36
is_linear=0
shrinkage=0.05


Tree=17
num_leaves=10
num_cat=0
split_feature=11 11 11 16 0 8 11 8 8
split_gain=1.3967 1.0241 2.16122 0.783112 0.961659 1.54678 1.26312 1.15119 0.787596
threshold=11.203350000000002 12.525 16.377500000000005 2.5000000000000004 0.41665000000000002 1.4166500000000002 20.827500000000004 0.83335000000000015 2.4166500000000002
decision_type=2 2 2 2 2 2 2 2 2
left_child=-1 -2 -3 4 5 7 -6 -4 -7
right_child=1 2 3 -5 6 8 -8 -9 -10
leaf_value=-0.013087457434264458 0.015962779352408994 -0.015805677441893966 0.0083468661401650875 -0.00453001972017041 -0.0018278425015388314 0.019176147319603144 0.023986460755462083 -0.020094398584916046 0.00060315275840538073
leaf_weight=15.004070073366163 10.248920917510985 14.585257947444914 4.0181378126144383 17.688344240188599 6.6802687346935299 9.354479134082796 12.332646280527113 8.4878407120704651 11.74853679537773
leaf_count=33 12 30 6 31 12 13 18 18 18
internal_value=0.000134586 0.00244619 0.000484569 0.00420754 0.00720291 0.0018398 0.0156058 -0.0110654 0.00978347
internal_weight=110.149 95.1444 84.8955 70.3103 52.6219 33.609 19.0129 12.506 21.103
internal_count=191 158 146 116 85 55 30 24 31
is_linear=0
shrinkage=0.05


Tree=18
num_leaves=10
num_cat=0
split_feature=11 15 11 11 7 0 7 7 7
split_gain=1.34958 1.12957 1.33682 1.49709 0.819078 1.56298 1.35984 1.31051 0.462827
threshold=11.203350000000002 2.5000000000000004 12.525 16.377500000000005 1.8333500000000003 0.58335000000000015 2.5833500000000007 0.58335000000000015 2.4166500000000002
decision_type=2 2 2 2 2 2 2 2 2
left_child=-1 2 -2 8 7 6 -6 -5 -4
right_child=1 -3 3 4 5 -7 -8 -9 -10
leaf_value=-0.012951182244436378 0.015420869736792676 0.015796987143177496 -0.020710256423193227 0.0091941567107420123 0.020048892863877042 -0.013231162107025095 -0.0011569899531467817 -0.013473413653421458 -0.0010762062090562787
leaf_weight=14.80898469686508 10.413834571838377 11.529639124870299 10.055939942598341 8.2769947648048419 15.818434715270998 6.5926577150821677 12.770803838968275 15.581995368003843 4.3006002306938163
leaf_count=33 12 14 22 13 20 14 21 34 8
internal_value=0.000134278 0.00239114 0.000221742 -0.00228661 0.00137708 0.00609058 0.0111199 -0.00550684 -0.0156795
internal_weight=110.15 95.3409 83.8113 73.3974 59.0409 35.1819 28.5892 23.859 14.3565
internal_count=191 158 144 132 102 55 41 47 30
is_linear=0
shrinkage=0.05


Tree=19
num_leaves=10
num_cat=0
split_feature=11 15 14 7 7 11 11 7 7
split_gain=1.31561 1.02039 0.847051 2.28078 1.35891 0.583795 1.85364 1.26549 1.36323
threshold=18.732500000000005 2.5000000000000004 0.58335000000000015 1.4166500000000002 0.83335000000000015 11.203350000000002 12.525 1.8333500000000003 2.4166500000000002
decision_type=2 2 2 2 2 2 2 2 2
left_child=5 2 3 4 -2 -1 -7 -8 -9
right_child=1 -3 -4 -5 -6 6 7 8 -10
leaf_value=-0.012814980216154967 0.0099692636094596537 0.019305389174393863 -0.0068488020860164303 0.02038202730146714 -0.019454422635411771 0.014902894772554343 -0.018328895025942784 0.012695774662662633 -0.010357955046151562
leaf_weight=14.618427246809004 5.1743990778923052 9.3212289810180646 14.665784597396849 13.47530475258827 7.2390674650669098 10.57566976547241 13.331207782030104 9.9828928411006945 11.796852469444273
leaf_count=33 8 11 27 17 17 12 30 14 22
internal_value=0.000127391 0.00600706 0.00218684 0.00742954 -0.00750807 -0.00477217 -0.00176916 -0.00732342 0.000387932
internal_weight=110.181 49.8758 40.5546 25.8888 12.4135 60.3051 45.6866 35.111 21.7797
internal_count=191 80 69 42 25 111 78 66 36
is_linear=0
shrinkage=0.05


Tree=20
num_leaves=10
num_cat=0
split_feature=11 11 11 14 11 7 7 16 0
split_gain=1.25837 1.35 1.09431 0.909575 0.856902 0.891005 0.795467 0.774139 0.937491
threshold=11.203350000000002 11.808350000000003 18.732500000000005 1.0000000180025095e-35 14.427500000000002 2.4166500000000002 1.8333500000000003 2.5000000000000004 0.41665000000000002
decision_type=2 2 2 2 2 2 2 2 2
left_child=-1 -2 3 6 -5 -6 -3 8 -4
right_child=1 2 7 4 5 -7 -8 -9 -10
leaf_value=-0.012678886615312633 0.028475406707922313 -0.020744286947381351 0.0022400206369544836 0.012697319299186639 0.0063359609420194814 -0.015093854066674659 -0.00051365437724241244 -0.0043573033743781551 0.017984198900990934
leaf_weight=14.43228757381439 2.6836144924163809 10.156374275684358 21.999839901924133 8.6500107049942034 7.615156650543212 8.2367049753665906 8.2674174308776838 12.637509286403654 15.50987786054611
leaf_count=33 3 20 35 13 14 16 12 22 23
internal_value=0.00012562 0.00227541 0.000936844 -0.00480377 0.00157108 -0.00524259 -0.0126054 0.00584655 0.0093309
internal_weight=110.189 95.7565 93.0729 42.9257 24.5019 15.8519 18.4238 50.1472 37.5097
internal_count=191 158 155 75 43 30 32 80 58
is_linear=0
shrinkage=0.05


Tree=21
num_leaves=10
num_cat=0
split_feature=12 12 15 7 0 7 0 12 12
split_gain=1.21614 1.28884 1.20936 0.846525 1.61065 0.869431 0.838496 0.779612 0.591401
threshold=11.203350000000002 11.808350000000003 2.5000000000000004 1.8333500000000003 0.58335000000000015 0.83335000000000015 1.0000000180025095e-35 12.720000000000001 19.847500000000004
decision_type=2 2 2 2 2 2 2 2 2
left_child=-1 -2 3 5 6 -3 -5 -7 -8
right_child=1 2 -4 4 -6 7 8 -9 -10
leaf_value=-0.012542932681744653 0.027607557219460267 0.0031307923788703972 0.014505644349729181 0.0019375703742401567 -0.014702545288599109 0.0014951763188076092 0.0048100299076247448 -0.017126203237633992 0.027292511829674789
leaf_weight=14.250457495450972 2.7611299753189078 14.082174956798552 11.973809540271757 22.271024614572525 7.841146081686019 7.4839061498641994 6.4232276976108533 17.42844694852829 5.6677840352058411
leaf_count=33 3 22 14 33 17 10 11 42 6
internal_value=0.000126885 0.00222666 0.000910142 -0.00139522 0.00344152 -0.00654247 0.0081628 -0.0118368 0.0177268
internal_weight=110.183 95.9326 93.1715 81.1977 42.2032 38.9945 34.362 24.9124 12.091
internal_count=191 158 155 141 67 74 50 52 17
is_linear=0
shrinkage=0.05


Tree=22
num_leaves=10
num_cat=0
split_feature=11 11 15 7 0 7 0 11 11
split_gain=1.17718 1.2292 1.14319 0.814449 1.55262 0.842721 0.791825 0.764212 0.573043
threshold=11.203350000000002 11.808350000000003 2.5000000000000004 1.8333500000000003 0.58335000000000015 0.83335000000000015 1.0000000180025095e-35 12.720000000000001 19.660000000000004
decision_type=2 2 2 2 2 2 2 2 2
left_child=-1 -2 3 5 6 -3 8 -7 -5
right_child=1 2 -4 4 -6 7 -8 -9 -10
leaf_value=-0.012407151596844634 0.026769920430271228 0.00305423093458463 0.014019256393205518 0.0071305514074501879 -0.014583397510719957 0.0014641306701512974 0.017167157377669023 -0.017007052240773413 -0.0084117643847210401
leaf_weight=14.072831779718397 2.8384199738502494 14.126332461833952 12.148762941360472 15.198425740003588 7.7267045378684989 7.4951042532920864 12.278800308704374 17.132505357265472 7.1157925128936759
leaf_count=33 3 22 14 23 17 10 17 42 10
internal_value=0.000137886 0.00219129 0.000896381 -0.00136023 0.00336718 -0.00643452 0.00795454 -0.0116978 0.00189002
internal_weight=110.134 96.0608 93.2224 81.0737 42.3197 38.7539 34.593 24.6276 22.3142
internal_count=191 158 155 141 67 74 50 52 33
is_linear=0
shrinkage=0.05


Tree=23
num_leaves=10
num_cat=0
split_feature=11 16 0 11 14 11 11 7 7
split_gain=1.16467 0.723608 0.824623 1.07517 0.669187 0.511321 1.6405 1.1849 1.26506
threshold=18.732500000000005 2.5000000000000004 0.41665000000000002 23.130000000000006 0.58335000000000015 11.203350000000002 12.525 1.8333500000000003 2.4166500000000002
decision_type=2 2 2 2 2 2 2 2 2
left_child=5 2 3 -2 -3 -1 -7 -8 -9
right_child=1 4 -4 -5 -6 6 7 8 -10
leaf_value=-0.012271577629923983 0.0090267372768503135 0.0069015718770564479 0.016905438200103505 -0.012820087316365492 -0.01340288091220229 0.013578125679014367 -0.018067135399574216 0.011902064309362036 -0.010226572352515581
leaf_weight=13.899306178092955 15.71202999353409 5.8680094778537732 15.962474018335341 6.298531085252761 6.7217907905578613 11.009437024593351 12.737742900848387 10.241825520992281 11.672720134258268
leaf_count=33 24 9 23 11 13 12 30 14 22
internal_value=0.000140071 0.005604 0.00893496 0.00222793 -0.00429036 -0.00452976 -0.00175711 -0.00710435 0.000245789
internal_weight=110.124 50.5628 37.973 22.0106 12.5898 59.561 45.6617 34.6523 21.9145
internal_count=191 80 58 35 22 111 78 66 36
is_linear=0
shrinkage=0.05


Tree=24
num_leaves=10
num_cat=0
split_feature=11 15 14 7 7 11 11 7 7
split_gain=1.11026 0.822168 0.781036 1.99177 1.26688 0.497597 1.56534 1.15982 1.21073
threshold=18.732500000000005 2.5000000000000004 0.58335000000000015 1.4166500000000002 0.83335000000000015 11.203350000000002 12.525 1.8333500000000003 2.4166500000000002
decision_type=2 2 2 2 2 2 2 2 2
left_child=5 2 3 4 -2 -1 -7 -8 -9
right_child=1 -3 -4 -5 -6 6 7 8 -10
leaf_value=-0.01213624038087842 0.0092361661592565824 0.017003174650415384 -0.0067559199560651957 0.018630043806413719 -0.019247139484823015 0.013138870186619132 -0.017960845805001544 0.011537773103915464 -0.010098619638390299
leaf_weight=13.729782342910765 5.3287940621376055 9.944283723831175 14.580136656761168 14.099163740873335 6.8959903120994568 11.159944057464598 12.509674847126005 10.364452719688417 11.553956747055052
leaf_count=33 8 11 27 17 17 12 30 14 22
internal_value=0.000130652 0.00543957 0.00196675 0.00693391 -0.00727831 -0.00444924 -0.00172138 -0.00699526 0.000241738
internal_weight=110.166 50.8484 40.9041 26.3239 12.2248 59.3178 45.588 34.4281 21.9184
internal_count=191 80 69 42 25 111 78 66 36
is_linear=0
shrinkage=0.05


Tree=25
num_leaves=10
num_cat=0
split_feature=11 15 7 14 7 11 11 7 7
split_gain=1.0627 0.789452 0.763923 2.37057 1.42341 0.468789 1.53542 0.856353 0.96085
threshold=18.632500000000004 2.5000000000000004 1.4166500000000002 0.58335000000000015 0.83335000000000015 11.203350000000002 12.525 1.8333500000000003 2.4166500000000002
decision_type=2 2 2 2 2 2 2 2 2
left_child=5 2 4 -4 -2 -1 -7 -8 -9
right_child=1 -3 3 -5 -6 6 7 8 -10
leaf_value=-0.012001170883684869 0.0058990101341947192 0.01641433526509474 0.018577655021268371 -0.011314234111874606 -0.01966455423351593 0.012717758465100332 -0.017289123482576187 0.0096879205516947117 -0.0099713594423720409
leaf_weight=13.564160943031309 11.00621408224106 10.114813566207884 15.270484268665315 9.0734876096248609 7.6149684488773337 11.307540357112883 11.217063158750532 9.5785373747348803 11.437864631414412
leaf_count=33 17 11 18 18 19 12 28 13 22
internal_value=0.000126434 0.00512098 0.00185047 0.00742322 -0.00544829 -0.00453225 -0.00178062 -0.00731253 -0.000948099
internal_weight=110.185 53.08 42.9652 24.344 18.6212 57.1052 43.541 32.2335 21.0164
internal_count=191 83 72 36 36 108 75 63 35
is_linear=0
shrinkage=0.05


Tree=26
num_leaves=10
num_cat=0
split_feature=11 15 11 11 8 8 0 8 8
split_gain=1.02239 0.769722 0.942445 1.31536 0.589955 1.43097 1.16272 0.792525 0.474045
threshold=11.203350000000002 2.5000000000000004 12.525 16.377500000000005 1.1666500000000002 0.83335000000000015 0.58335000000000015 2.5833500000000007 2.4166500000000002
decision_type=2 2 2 2 2 2 2 2 2
left_child=-1 2 -2 8 5 -5 7 -6 -4
right_child=1 -3 3 4 6 -7 -8 -9 -10
leaf_value=-0.011866401789444037 0.012313810942319396 0.012534957471147572 -0.020416421673672677 0.0057459304059503087 0.013813245764895545 -0.019750050738384477 -0.012691843961326669 -0.0014206538841362022 -0.00040588007593577005
leaf_weight=13.402348548173903 11.452265620231627 12.710824668407438 9.2531820237636548 11.071331918239595 21.281575292348862 7.7768121957778922 6.2108487486839286 12.937175154685972 4.1276736855506888
leaf_count=33 12 14 22 17 30 20 14 21 8
internal_value=0.000117783 0.00198325 0.000134583 -0.00206352 0.00127578 -0.00565928 0.00462325 0.00829332 -0.0150991
internal_weight=110.224 96.8217 84.1109 72.6586 59.2777 18.8481 40.4296 34.2188 13.3809
internal_count=191 158 144 132 102 37 65 51 30
is_linear=0
shrinkage=0.05


Tree=27
num_leaves=10
num_cat=0
split_feature=12 15 14 7 7 12 12 7 7
split_gain=1.00033 0.687882 0.699027 1.70956 1.18838 0.448867 1.37832 1.09302 1.09723
threshold=18.732500000000005 2.5000000000000004 0.58335000000000015 1.4166500000000002 0.83335000000000015 11.203350000000002 12.525 1.8333500000000003 2.4166500000000002
decision_type=2 2 2 2 2 2 2 2 2
left_child=5 2 3 4 -2 -1 -7 -8 -9
right_child=1 -3 -4 -5 -6 6 7 8 -10
leaf_value=-0.011731964444443577 0.0087214185893076356 0.015427111789550786 -0.0064833202452367596 0.016945934763100887 -0.019007399781224087 0.01192612048279533 -0.017704761194276612 0.010688900255343867 -0.0098615170162020347
leaf_weight=13.244250744581221 5.4412350654602069 10.411910176277159 14.333774566650389 14.748179137706755 6.5296607315540314 11.594158411025999 11.988136053085325 10.659959346055986 11.339249730110167
leaf_count=33 8 11 27 17 17 12 30 14 22
internal_value=0.000103015 0.0050906 0.00187416 0.0064969 -0.00695936 -0.00428437 -0.00171821 -0.00677685 0.00015733
internal_weight=110.291 51.4648 41.0528 26.7191 11.9709 58.8258 45.5815 33.9873 21.9992
internal_count=191 80 69 42 25 111 78 66 36
is_linear=0
shrinkage=0.05


Tree=28
num_leaves=10
num_cat=0
split_feature=16 14 7 7 15 0 14 7 16
split_gain=0.783501 0.586911 0.649601 1.101 0.647106 0.506484 0.482253 0.137395 0.0822575
threshold=2.5000000000000004 0.41665000000000002 1.4166500000000002 0.83335000000000015 2.5000000000000004 0.58335000000000015 1.0000000180025095e-35 1.1666500000000002 1.5000000000000002
decision_type=2 2 2 2 2 2 2 2 2
left_child=1 2 3 -1 8 6 -2 -8 -3
right_child=5 4 -4 -5 -6 -7 7 -9 -10
leaf_value=0.0054067906205457978 -0.012580036637366772 -0.00048875993332500058 0.004783790270927347 -0.015269142978170825 0.018410939122069123 -0.018269684432273586 -0.0034784893797822425 0.005529348296184817 0.0047199811576901403
leaf_weight=9.5642904341220856 6.1359029412269654 10.311105936765669 19.938247412443161 13.654458314180374 7.2427529990673056 5.5703817903995505 5.00951263308525 9.5176055133342725 23.369802236557007
leaf_count=16 12 21 28 31 8 11 10 15 39
internal_value=9.77881e-05 0.00246675 -0.00158462 -0.00699894 0.00661396 -0.00713184 -0.00278196 0.00237805 0.00318736
internal_weight=110.314 84.0807 43.157 23.2187 40.9237 26.2334 20.663 14.5271 33.6809
internal_count=191 143 75 47 68 48 37 25 60
is_linear=0
shrinkage=0.05


Tree=29
num_leaves=10
num_cat=0
split_feature=11 15 14 7 7 11 11 7 7
split_gain=0.953241 0.619806 0.66287 1.57008 1.15123 0.432682 1.33226 1.05837 1.04314
threshold=18.732500000000005 2.5000000000000004 0.58335000000000015 1.4166500000000002 0.83335000000000015 11.203350000000002 12.525 1.8333500000000003 2.4166500000000002
decision_type=2 2 2 2 2 2 2 2 2
left_child=5 2 3 4 -2 -1 -7 -8 -9
right_child=1 -3 -4 -5 -6 6 7 8 -10
leaf_value=-0.011576720200740244 0.0085369781485811636 0.014629583807116226 -0.0063354351120296212 0.016149723997257646 -0.018861554993375121 0.011641953850769115 -0.017587718428893787 0.010232867794557692 -0.0097686794783131883
leaf_weight=13.06567472219467 5.4823685288429278 10.66277503967285 14.203162372112272 15.073591649532316 6.3212030231952667 11.700077593326567 11.76205065846443 10.824619919061663 11.257022768259047
leaf_count=33 8 11 27 17 17 12 30 14 22
internal_value=8.9249e-05 0.00493564 0.00185713 0.00632541 -0.00674275 -0.00421105 -0.00169987 -0.0067045 7.17988e-05
internal_weight=110.353 51.7431 41.0803 26.8772 11.8036 58.6094 45.5438 33.8437 22.0816
internal_count=191 80 69 42 25 111 78 66 36
is_linear=0
shrinkage=0.05


Tree=30
num_leaves=10
num_cat=0
split_feature=11 15 11 8 0 0 0 11 11
split_gain=0.91133 0.625121 1.22401 0.609874 1.27227 0.776334 0.751457 0.832137 0.56505
threshold=11.203350000000002 2.5000000000000004 11.808350000000003 1.8333500000000003 0.58335000000000015 0.83335000000000015 1.0000000180025095e-35 21.225000000000005 19.660000000000004
decision_type=2 2 2 2 2 2 2 2 2
left_child=-1 2 -2 5 6 -4 8 -8 -5
right_child=1 -3 3 4 -6 -7 7 -9 -10
leaf_value=-0.011443099291585861 0.023810735274055278 0.01110949946552149 -0.0087855748105440876 0.0060660100791089253 -0.014104715746540595 0.0095028371447062054 0.0023617871727002289 0.026722773508972831 -0.0090519055597715111
leaf_weight=12.915289252996443 3.1327822208404532 13.294308066368101 32.260106056928635 15.791022449731829 7.2925608456134787 5.2718684673309317 7.1816428005695325 5.7525261640548706 7.4856510758399954
leaf_count=33 3 14 66 23 17 8 12 5 10
internal_value=8.3659e-05 0.00181052 0.000117984 -0.00134941 0.0026337 -0.00586592 0.0065665 0.0153242 0.000872635
internal_weight=110.378 97.4625 84.1682 81.0354 43.5034 37.532 36.2108 12.9342 23.2767
internal_count=191 158 144 141 67 74 50 17 33
is_linear=0
shrinkage=0.05


Tree=31
num_leaves=10
num_cat=0
split_feature=11 16 1 11 14 11 11 7 7
split_gain=0.893946 0.57224 0.744497 0.955837 0.572005 0.405175 1.26758 1.01717 0.990258
threshold=18.732500000000005 2.5000000000000004 0.41665000000000002 23.130000000000006 0.58335000000000015 11.203350000000002 12.525 1.8333500000000003 2.4166500000000002
decision_type=2 2 2 2 2 2 2 2 2
left_child=5 2 3 -2 -3 -1 -7 -8 -9
right_child=1 4 -4 -5 -6 6 7 8 -10
leaf_value=-0.01130990395506966 0.0076339455093602394 0.0059455501372026286 0.014979656613779266 -0.012813701603218517 -0.012890242972594241 0.01123558576882069 -0.017434511453052835 0.0097814579391005425 -0.0096731157339612003
leaf_weight=12.76834064722061 16.471941828727726 6.1124298870563489 16.831419855356216 6.2941199243068686 6.3472939729690552 11.854446172714232 11.476923763751982 10.991885185241701 11.173433303833006
leaf_count=33 24 9 23 11 13 12 30 14 22
internal_value=9.59738e-05 0.00476269 0.00761641 0.00140254 -0.0041056 -0.00409322 -0.00167694 -0.00660206 -1.44242e-05
internal_weight=110.322 52.0572 39.5975 22.7661 12.4597 58.265 45.4967 33.6422 22.1653
internal_count=191 80 58 35 22 111 78 66 36
is_linear=0
shrinkage=0.05


Tree=32
num_leaves=10
num_cat=0
split_feature=11 16 1 11 14 11 11 7 7
split_gain=0.852627 0.543492 0.698421 0.920324 0.555211 0.393686 1.21127 0.995016 0.948998
threshold=18.732500000000005 2.5000000000000004 0.41665000000000002 23.130000000000006 0.58335000000000015 11.203350000000002 12.525 1.8333500000000003 2.4166500000000002
decision_type=2 2 2 2 2 2 2 2 2
left_child=5 2 3 -2 -3 -1 -7 -8 -9
right_child=1 4 -4 -5 -6 6 7 8 -10
leaf_value=-0.011177162380954259 0.0074136148239193405 0.0058078939633766091 0.014449801756107257 -0.012696476622249809 -0.012772826422157761 0.01089025419698369 -0.017324045568030973 0.0094959988721284236 -0.0095483465752681553
leaf_weight=12.624745428562163 16.598168909549717 6.1488799452781659 17.085446506738663 6.2139835059642783 6.2660009264945984 11.988388955593107 11.278563261032103 11.099929183721544 11.065872520208357
leaf_count=33 24 9 23 11 13 12 30 14 22
internal_value=8.53833e-05 0.00462361 0.007384 0.00135381 -0.00404113 -0.00402156 -0.00164574 -0.0065003 -1.49205e-05
internal_weight=110.37 52.3125 39.8976 22.8122 12.4149 58.0575 45.4328 33.4444 22.1658
internal_count=191 80 58 35 22 111 78 66 36
is_linear=0
shrinkage=0.05


Tree=33
num_leaves=10
num_cat=0
split_feature=11 15 11 7 0 0 0 11 11
split_gain=0.820013 0.566397 1.12609 0.569551 1.21978 0.724862 0.700393 0.709119 0.528043
threshold=11.203350000000002 2.5000000000000004 11.808350000000003 1.8333500000000003 0.58335000000000015 0.83335000000000015 1.0000000180025095e-35 21.225000000000005 19.660000000000004
decision_type=2 2 2 2 2 2 2 2 2
left_child=-1 2 -2 5 6 -4 8 -8 -5
right_child=1 -3 3 4 -6 -7 7 -9 -10
leaf_value=-0.011044902245255776 0.022454116356327228 0.010442541858463801 -0.0086162724777303686 0.0057397637314029635 -0.014012205765760503 0.0089656375864290046 0.0024486297688208741 0.024867078003386715 -0.0088943246749453742
leaf_weight=12.484422355890272 3.2800481319427481 13.583509266376494 31.902348220348358 15.980895936489107 7.2130888998508444 5.3874611854553214 7.1524118483066541 6.0420107841491699 7.3918474912643424
leaf_count=33 3 14 66 23 17 8 12 5 10
internal_value=7.47309e-05 0.00168492 6.5416e-05 -0.00135922 0.00246762 -0.00574904 0.00627643 0.0146364 0.000775318
internal_weight=110.418 97.9336 84.3501 81.0701 43.7803 37.2898 36.5672 13.1944 23.3727
internal_count=191 158 144 141 67 74 50 17 33
is_linear=0
shrinkage=0.05


Tree=34
num_leaves=10
num_cat=0
split_feature=11 15 14 0 11 11 11 11 11
split_gain=0.799835 0.51577 0.57397 0.58038 0.825132 0.43096 0.558586 0.832096 1.2168
threshold=18.632500000000004 2.5000000000000004 0.58335000000000015 1.0000000180025095e-35 22.853350000000002 18.165850000000002 11.203350000000002 12.525 16.377500000000005
decision_type=2 2 2 2 2 2 2 2 2
left_child=5 2 3 4 -2 6 -1 -8 -9
right_child=1 -3 -4 -5 -6 -7 7 8 -10
leaf_value=-0.010913152323646164 0.0069575087686481922 0.012972337909411966 -0.0061714850825974679 0.014440948589275535 -0.01263166967909197 -0.016693608062790889 0.010516833618992374 -0.014576873417153843 0.0053334136663576222
leaf_weight=12.347291857004164 13.719070136547094 11.217919111251829 14.060781747102736 9.4503714740276319 6.1703423261642447 4.1038129031658164 12.136171877384184 12.597426116466524 14.565455853939055
leaf_count=33 22 11 27 10 13 9 12 30 24
internal_value=8.56795e-05 0.00430713 0.0015946 0.00547275 0.000281438 -0.00405601 -0.00246691 0.000586778 -0.00426688
internal_weight=110.369 54.6185 43.4006 29.3398 19.8894 55.7502 51.6463 39.2991 27.1629
internal_count=191 83 72 45 35 108 99 66 54
is_linear=0
shrinkage=0.05


Tree=35
num_leaves=10
num_cat=0
split_feature=11 16 0 11 11 11 11 7 7
split_gain=0.767374 0.500135 0.62766 0.857862 0.361069 0.356349 1.10482 0.958024 0.883154
threshold=18.732500000000005 2.5000000000000004 0.41665000000000002 23.130000000000006 22.188350000000003 11.203350000000002 12.525 1.8333500000000003 2.4166500000000002
decision_type=2 2 2 2 2 2 2 2 2
left_child=5 2 3 -2 -3 -1 -7 -8 -9
right_child=1 4 -4 -5 -6 6 7 8 -10
leaf_value=-0.010781939079798122 0.006991333932024623 0.0034791341217007472 0.013553796070972353 -0.012495353232025079 -0.011642058609141252 0.010198898847060371 -0.01712783608804138 0.0090467953440278998 -0.0093305237161815883
leaf_weight=12.213276296854017 16.844978988170627 6.8192386329174024 17.530972689390182 6.0800426304340354 5.5572128891944885 12.26447957754135 10.940265029668806 11.273637086153032 10.882241100072859
leaf_count=33 24 12 23 11 10 12 30 14 22
internal_value=7.73227e-05 0.00434431 0.00696032 0.00123525 -0.00398556 -0.00385265 -0.00161043 -0.00631844 -4.72671e-06
internal_weight=110.406 52.8324 40.456 22.925 12.3765 57.5739 45.3606 33.0961 22.1559
internal_count=191 80 58 35 22 111 78 66 36
is_linear=0
shrinkage=0.05


Tree=36
num_leaves=10
num_cat=0
split_feature=11 16 14 14 11 11 1 7 7
split_gain=0.737591 0.49757 0.732587 0.487972 0.477443 1.3607 0.591854 1.01481 0.930161
threshold=11.203350000000002 2.5000000000000004 0.83335000000000015 1.0000000180025095e-35 12.525 16.377500000000005 0.41665000000000002 1.4166500000000002 0.83335000000000015
decision_type=2 2 2 2 2 2 2 2 2
left_child=-1 4 3 -3 -2 -6 7 8 -7
right_child=1 2 -4 -5 5 6 -8 -9 -10
leaf_value=-0.010651288899519469 0.013494890498399565 -0.010285270800680866 -0.017995607908995542 0.0058896761996504333 -0.013019618877174925 0.0063120709641985686 0.011192926518195418 0.0067628218869438678 -0.01943603866926668
leaf_weight=12.08230087161064 8.4283714890480024 4.8522118628025117 5.2667576074600211 12.637826502323149 10.67256638407707 4.4113668799400312 21.587086081504822 23.311987906694412 7.2075739800930023
leaf_count=33 8 9 11 20 25 6 30 31 18
internal_value=6.58717e-05 0.00156813 -0.00464658 0.000807346 0.00350993 0.00190354 0.00507022 0.000885185 -0.0101689
internal_weight=110.458 98.3757 22.7568 17.49 75.619 67.1906 56.518 34.9309 11.6189
internal_count=191 158 40 29 118 110 85 55 24
is_linear=0
shrinkage=0.05


Tree=37
num_leaves=10
num_cat=0
split_feature=11 16 1 11 14 11 11 7 7
split_gain=0.713099 0.457261 0.554527 0.812297 0.516473 0.331756 1.0265 0.927912 0.842471
threshold=18.732500000000005 2.5000000000000004 0.41665000000000002 23.130000000000006 0.58335000000000015 11.203350000000002 12.525 1.8333500000000003 2.4166500000000002
decision_type=2 2 2 2 2 2 2 2 2
left_child=5 2 3 -2 -3 -1 -7 -8 -9
right_child=1 4 -4 -5 -6 6 7 8 -10
leaf_value=-0.010521227867518279 0.0067312590451401302 0.0055127656906133636 0.012709557347310597 -0.012308117906742503 -0.012472074391352575 0.0096556317067211048 -0.016976199965464213 0.0087430442902259511 -0.0092036528782090191
leaf_weight=11.954291701316832 17.000271826982502 6.2281418144702894 17.970219314098358 5.9592168331146231 6.0648209154605865 12.48919904232025 10.690398991107939 11.393732577562334 10.777645111083983
leaf_count=33 24 9 23 11 13 12 30 14 22
internal_value=5.04098e-05 0.00413816 0.00660954 0.00119925 -0.00386381 -0.00375764 -0.0016057 -0.006194 -2.06448e-05
internal_weight=110.528 53.2227 40.9297 22.9595 12.293 57.3053 45.351 32.8618 22.1714
internal_count=191 80 58 35 22 111 78 66 36
is_linear=0
shrinkage=0.05


Tree=38
num_leaves=10
num_cat=0
split_feature=11 11 11 7 7 14 11 11 7
split_gain=1.18688 0.60907 0.924699 0.342487 0.462522 0.895749 0.321979 0.98187 0.90715
threshold=27.892500000000002 23.561650000000004 18.732500000000005 0.83335000000000015 1.8333500000000003 0.83335000000000015 11.203350000000002 12.525 1.8333500000000003
decision_type=2 2 2 2 2 2 2 2 2
left_child=1 2 6 -4 -5 -6 -1 -8 -9
right_child=-2 -3 3 4 5 -7 7 8 -10
leaf_value=-0.010391781014347429 0.020638009594490588 -0.010840565740648601 0.013453272781912771 -0.0072694293057297176 0.013156710031286076 -0.007295279032440931 0.0093696214917241578 -0.016863241293989993 -2.1993347979517174e-05
leaf_weight=11.829177051782606 4.5906419754028311 12.272844403982161 9.7457868456840497 6.5227748155593899 13.786313831806185 6.5353396236896506 12.610374212265013 10.5104483962059 22.172691404819489
leaf_count=33 4 21 13 15 15 12 12 30 36
internal_value=3.97011e-05 -0.0012182 0.000242155 0.00625785 0.00289389 0.00651512 -0.00369257 -0.00157748 -0.00609802
internal_weight=110.576 105.986 93.7129 36.5902 26.8444 20.3217 57.1227 45.2935 32.6831
internal_count=191 187 166 55 42 27 111 78 66
is_linear=0
shrinkage=0.05


Tree=39
num_leaves=10
num_cat=0
split_feature=11 11 11 7 7 14 11 11 11
split_gain=1.13031 0.588865 0.88249 0.323543 0.805607 1.04165 0.515745 0.31249 0.939186
threshold=27.892500000000002 23.561650000000004 18.732500000000005 0.83335000000000015 1.4166500000000002 0.58335000000000015 20.678350000000005 11.203350000000002 12.525
decision_type=2 2 2 2 2 2 2 2 2
left_child=1 2 7 -4 -5 -6 -7 -1 -9
right_child=-2 -3 3 4 5 6 -8 8 -10
leaf_value=-0.010262972929387309 0.019987071603166671 -0.010709660750341275 0.013027836624502019 -0.01162635993131095 0.015274500080906306 0.0047722891554500095 -0.016096548592214148 0.0090939938774007387 -0.0060023473835371516
leaf_weight=11.706887573003767 4.6863681077957144 12.140518248081205 9.8777855038642866 5.5482275187969234 12.952674090862276 4.7448664009571058 3.6864928901195526 12.729083836078642 32.506897926330566
leaf_count=33 4 21 13 13 13 8 8 12 66
internal_value=3.8948e-05 -0.001198 0.00023168 0.00608177 0.00280973 0.0072293 -0.00568904 -0.00362808 -0.00154916
internal_weight=110.58 105.893 93.7529 36.81 26.9323 21.384 8.43136 56.9429 45.236
internal_count=191 187 166 55 42 29 16 111 78
is_linear=0
shrinkage=0.05


Tree=40
num_leaves=10
num_cat=0
split_feature=11 11 11 7 7 14 11 11 11
split_gain=1.07642 0.56951 0.839052 0.306779 0.773659 0.98702 0.504313 0.304035 0.896823
threshold=27.892500000000002 23.561650000000004 18.732500000000005 0.83335000000000015 1.4166500000000002 0.58335000000000015 20.678350000000005 11.203350000000002 12.525
decision_type=2 2 2 2 2 2 2 2 2
left_child=1 2 7 -4 -5 -6 -7 -1 -9
right_child=-2 -3 3 4 5 6 -8 8 -10
leaf_value=-0.010134827838702759 0.019361788612633633 -0.010579332690803665 0.012619455556987236 -0.011513222485768273 0.014746830643588794 0.0046730077816018534 -0.016005204900164518 0.0088282675694151547 -0.0058956084890526266
leaf_weight=11.587354749441145 4.7809771895408621 12.011191248893736 10.007313549518583 5.4840952754020718 13.152038574218752 4.7675644159316999 3.6276280879974365 12.845370173454283 32.312364846467972
leaf_count=33 4 21 13 13 13 8 8 12 66
internal_value=3.98106e-05 -0.0011764 0.000223618 0.00590076 0.00271541 0.00700711 -0.00562245 -0.0035567 -0.00151053
internal_weight=110.576 105.795 93.7837 37.0386 27.0313 21.5472 8.39519 56.7451 45.1577
internal_count=191 187 166 55 42 29 16 111 78
is_linear=0
shrinkage=0.05


Tree=41
num_leaves=10
num_cat=0
split_feature=11 11 11 4 14 11 11 11 7
split_gain=1.0253 0.550707 0.797709 0.313704 0.656214 0.364895 1.4333 0.53477 0.291081
threshold=27.892500000000002 23.561650000000004 18.732500000000005 0.41665000000000002 0.58335000000000015 11.203350000000002 12.525 16.377500000000005 0.83335000000000015
decision_type=2 2 2 2 2 2 2 2 2
left_child=1 2 3 4 5 -1 -7 -8 -4
right_child=-2 -3 8 -5 -6 6 7 -9 -10
leaf_value=-0.01408759616204415 0.018760933725327299 -0.010449608240581195 0.01222724407758459 -0.012623207079556296 0.0067308644556728289 0.012896026435192937 -0.019160981355417148 -0.0028701244755653375 0.0026233635257987865
leaf_weight=7.277751386165618 4.8744474053382865 11.884790688753126 10.134400844573973 6.1646777391433707 13.831954360008238 8.5939149260520953 6.7607696950435665 13.923142731189726 27.128669083118439
leaf_count=21 4 21 13 12 27 8 17 26 42
internal_value=4.01153e-05 -0.00115557 0.000215368 -0.00348663 -0.00192957 -0.00538568 -0.00246011 -0.00941488 0.00572511
internal_weight=110.575 105.7 93.8153 56.5522 50.3875 36.5556 29.2778 20.6839 37.2631
internal_count=191 187 166 111 99 72 51 43 55
is_linear=0
shrinkage=0.05


Tree=42
num_leaves=10
num_cat=0
split_feature=13 13 13 4 13 13 7 7 7
split_gain=0.977291 0.531888 0.764338 0.306013 0.607229 1.23777 0.917685 0.58617 0.331323
threshold=27.892500000000002 23.561650000000004 18.732500000000005 0.41665000000000002 11.203350000000002 12.525 1.1666500000000002 2.4166500000000002 2.8333500000000007
decision_type=2 2 2 2 2 2 2 2 2
left_child=1 2 3 4 -1 -6 -7 -8 -9
right_child=-2 -3 -4 -5 5 6 7 8 -10
leaf_value=-0.011975454365513505 0.018183344885500084 -0.010320511123932216 0.0055733879408386491 -0.012506496382989802 0.013977494060357663 -0.018789060700669449 0.0068278151583292526 -0.016349430243514981 0.00030740568364067338
leaf_weight=9.6431258022785169 4.9667598605155936 11.761245936155317 37.459007769823074 6.0873486399650565 10.875554144382475 6.221332639455798 13.783468455076219 3.8560726940631849 5.9429185688495636
leaf_count=28 4 21 55 12 10 19 22 8 12
internal_value=3.51863e-05 -0.00114018 0.000201379 -0.0034346 -0.0019011 0.000936324 -0.00440219 0.000565421 -0.0079076
internal_weight=110.597 105.63 93.8688 56.4098 50.3225 40.6793 29.8038 23.5825 9.79899
internal_count=191 187 166 111 99 71 61 42 20
is_linear=0
shrinkage=0.05


Tree=43
num_leaves=10
num_cat=0
split_feature=12 12 12 12 12 7 7 0 12
split_gain=0.932545 0.512708 0.731767 0.296082 0.409981 0.882421 0.796265 0.446523 0.421783
threshold=27.892500000000002 23.561650000000004 18.732500000000005 9.1450000000000014 12.525 1.8333500000000003 2.4166500000000002 1.0000000180025095e-35 11.203350000000002
decision_type=2 2 2 2 2 2 2 2 2
left_child=1 2 3 -1 8 -6 -7 -8 -5
right_child=-2 -3 -4 4 5 6 7 -9 -10
leaf_value=-0.015022409238276767 0.017627924826735721 -0.010192066659187368 0.0054129329482960967 -0.0051847470299932474 -0.016537198797279124 0.0087440053176478759 0.0011286759477526546 -0.01750070265653253 0.0080784751160057743
leaf_weight=3.063654512166976 5.0578984022140494 11.640488058328627 37.668364554643631 8.1635747849941271 10.018539994955065 11.393348872661592 5.6916166841983777 4.7760261297225952 13.183617293834685
leaf_count=9 4 21 55 24 30 14 11 11 12
internal_value=2.18789e-05 -0.00113338 0.000177925 -0.00339076 -0.00220148 -0.00565372 0.000302068 -0.00881513 0.00299672
internal_weight=110.657 105.599 93.9587 56.2904 53.2267 31.8795 21.861 10.4676 21.3472
internal_count=191 187 166 111 102 66 36 22 36
is_linear=0
shrinkage=0.05


Tree=44
num_leaves=10
num_cat=0
split_feature=12 12 12 12 12 12 12 12 16
split_gain=0.889928 0.494301 0.702056 0.4346 0.515667 0.928792 0.900445 0.704798 0.290868
threshold=27.892500000000002 23.561650000000004 18.632500000000004 18.165850000000002 16.377500000000005 14.427500000000002 17.125000000000004 11.203350000000002 1.5000000000000002
decision_type=2 2 2 2 2 2 2 2 2
left_child=1 2 3 4 5 7 -6 -1 -9
right_child=-2 -3 -4 -5 6 -7 -8 8 -10
leaf_value=-0.0096337809720330979 0.017093629534762244 -0.010064298034922911 0.0050601284083011339 -0.016394280809462855 0.019732955331865577 -0.019226676319302916 -0.0035054023560381325 0.011547082537212075 -0.0004616051039264154
leaf_weight=11.139333337545397 5.1478489637374869 11.52244997024536 39.809430748224258 3.8872106969356528 4.7244973778724662 6.8634967207908621 9.7079412639141065 7.6122495532035854 10.297386258840559
leaf_count=33 4 21 58 9 9 18 15 11 13
internal_value=9.81477e-06 -0.00112562 0.000156365 -0.00349522 -0.00191092 -0.00505586 0.00557758 -0.000684872 0.00528975
internal_weight=110.712 105.564 94.0415 54.2321 50.3449 35.9125 14.4324 29.049 17.9096
internal_count=191 187 166 108 99 75 24 57 24
is_linear=0
shrinkage=0.05


Tree=45
num_leaves=10
num_cat=0
split_feature=11 11 11 11 11 11 11 11 14
split_gain=0.848663 0.477387 0.670127 0.427493 0.497935 0.9117 0.855062 0.679114 0.275558
threshold=27.892500000000002 23.561650000000004 18.632500000000004 18.165850000000002 16.377500000000005 14.427500000000002 17.125000000000004 11.203350000000002 0.83335000000000015
decision_type=2 2 2 2 2 2 2 2 2
left_child=1 2 3 4 5 7 -6 8 -1
right_child=-2 -3 -4 -5 6 -7 -8 -9 -10
leaf_value=-0.014124635374765991 0.016579476989604196 -0.0099372278106381693 0.0049164483091147003 -0.016302734937737144 0.019117626246548908 -0.01914282382817712 -0.0034433508091182476 0.0051637207554602535 0.0013225542994647229
leaf_weight=7.3098533451557177 5.2366008162498465 11.407066404819487 40.011381983757019 3.8240021765232077 4.8186514675617209 6.7327950000762931 9.6739705204963666 17.993292301893234 3.7226813435554504
leaf_count=22 4 21 58 9 9 18 15 24 11
internal_value=5.74963e-06 -0.00111012 0.000144642 -0.00343554 -0.00186984 -0.0049753 0.00546662 -0.000666862 -0.00950926
internal_weight=110.73 105.494 94.0866 54.0752 50.2512 35.7586 14.4926 29.0258 11.0325
internal_count=191 187 166 108 99 75 24 57 33
is_linear=0
shrinkage=0.05


Tree=46
num_leaves=10
num_cat=0
split_feature=11 11 11 4 14 11 11 11 8
split_gain=0.809858 0.460559 0.641605 0.302576 0.63796 0.336135 1.24177 0.514759 0.27785
threshold=27.892500000000002 23.561650000000004 18.732500000000005 0.41665000000000002 0.58335000000000015 12.525 11.203350000000002 16.377500000000005 0.83335000000000015
decision_type=2 2 2 2 2 2 2 2 2
left_child=1 2 3 4 5 6 -1 -7 -4
right_child=-2 -3 8 -5 -6 7 -8 -9 -10
leaf_value=-0.013596652807194515 0.016084526993672903 -0.0098108786021009909 0.011211441870367865 -0.012327809073757988 0.0068028890070691616 -0.018937667270489289 0.011554114184174059 -0.0027602108414330573 0.002026417615252585
leaf_weight=6.8722484409809104 5.3241447210311881 11.294273048639296 10.476407229900358 5.9717538356780997 13.795906066894529 6.4287035465240505 8.984645724296568 13.843838185071943 27.776138365268707
leaf_count=21 4 21 13 12 27 17 8 26 42
internal_value=-2.56723e-06 -0.00109913 0.000128275 -0.00324513 -0.00172574 -0.00516838 0.000351963 -0.00913018 0.00497403
internal_weight=110.768 105.444 94.1496 55.8971 49.9253 36.1294 15.8569 20.2725 38.2525
internal_count=191 187 166 111 99 72 29 43 55
is_linear=0
shrinkage=0.05


Tree=47
num_leaves=10
num_cat=0
split_feature=11 11 11 11 11 11 11 11 16
split_gain=0.772699 0.444597 0.616246 0.423609 0.477436 0.88989 0.812855 0.635753 0.278842
threshold=27.892500000000002 23.561650000000004 18.632500000000004 18.165850000000002 16.377500000000005 14.427500000000002 17.125000000000004 11.203350000000002 1.5000000000000002
decision_type=2 2 2 2 2 2 2 2 2
left_child=1 2 3 4 5 7 -6 -1 -9
right_child=-2 -3 -4 -5 6 -7 -8 8 -10
leaf_value=-0.0092770503546411691 0.015607898943232912 -0.0096852715726270192 0.0046593588948226489 -0.016213829480171669 0.018555404008112841 -0.019021802468550442 -0.0033712017948773357 0.011043033753108819 -0.00062146477193244381
leaf_weight=10.837948322296144 5.4104733467102042 11.18400803208351 40.377648144960403 3.7639021873474112 4.9070142507553092 6.5508136153221121 9.6347185373306257 7.7473128736019161 10.378593951463698
leaf_count=33 4 21 58 9 9 18 15 11 13
internal_value=-7.9324e-06 -0.00108544 0.000115741 -0.00333783 -0.00178391 -0.00484619 0.00537667 -0.000618503 0.00496609
internal_weight=110.792 105.382 94.198 53.8203 50.0564 35.5147 14.5417 28.9639 18.1259
internal_count=191 187 166 108 99 75 24 57 24
is_linear=0
shrinkage=0.05


Tree=48
num_leaves=10
num_cat=0
split_feature=11 11 11 4 11 11 7 7 4
split_gain=0.737302 0.429235 0.588879 0.295986 0.530921 1.0327 0.888383 0.510856 0.379946
threshold=27.892500000000002 23.561650000000004 18.732500000000005 0.41665000000000002 11.203350000000002 12.525 1.1666500000000002 2.4166500000000002 1.0000000180025095e-35
decision_type=2 2 2 2 2 2 2 2 2
left_child=1 2 3 4 -1 -6 -7 -8 -9
right_child=-2 -3 -4 -5 5 6 7 8 -10
leaf_value=-0.011347461917186722 0.015148755119080754 -0.0095604284006149693 0.0047142678955035006 -0.012184191542998988 0.012545132587933622 -0.018551209322468985 0.0065014413407376683 0.0014592131879466418 -0.016313578122070401
leaf_weight=9.1007797718048078 5.4955821037292472 11.076210707426069 38.606468170881271 5.8812138736248007 11.369005560874937 5.9098583757877376 13.947885841131212 5.594906270503996 3.8314181268215179
leaf_count=28 4 21 55 12 10 19 22 11 9
internal_value=-1.25297e-05 -0.00107123 0.000104445 -0.00314701 -0.00164918 0.000952195 -0.00406283 0.000773838 -0.00735571
internal_weight=110.813 105.318 94.2415 55.6351 49.7539 40.6531 29.2841 23.3742 9.42632
internal_count=191 187 166 111 99 71 61 42 20
is_linear=0
shrinkage=0.05


Tree=49
num_leaves=10
num_cat=0
split_feature=11 11 11 11 11 11 11 11 14
split_gain=0.704416 0.413519 0.566581 0.414862 0.452499 0.869352 0.771532 0.586813 0.273064
threshold=27.892500000000002 23.561650000000004 18.632500000000004 18.165850000000002 16.377500000000005 14.427500000000002 17.125000000000004 11.203350000000002 0.83335000000000015
decision_type=2 2 2 2 2 2 2 2 2
left_child=1 2 3 4 5 7 -6 8 -1
right_child=-2 -3 -4 -5 6 -7 -8 -9 -10
leaf_value=-0.013720959098118539 0.014706302982414834 -0.0094363679064711006 0.0044104354871412942 -0.016087319443919803 0.017930745462782869 -0.018902370139025931 -0.0033392725020655045 0.0047338811820280434 0.0016879574312813111
leaf_weight=6.9715327322483081 5.5794671177864066 10.970821887254713 40.738416999578476 3.6804895401000968 5.0079152286052695 6.378506898880004 9.6174321472644788 18.283988922834396 3.6438238322734833
leaf_count=22 4 21 58 9 9 18 15 24 11
internal_value=-2.55164e-05 -0.00106574 8.35884e-05 -0.00324634 -0.00171588 -0.00471924 0.00522476 -0.000567957 -0.00900264
internal_weight=110.872 105.293 94.3221 53.5837 49.9032 35.2779 14.6253 28.8993 10.6154
internal_count=191 187 166 108 99 75 24 57 33
is_linear=0
shrinkage=0.05


Tree=50
num_leaves=10
num_cat=0
split_feature=11 16 0 11 11 7 11 11 11
split_gain=0.672733 0.427512 0.496453 0.351754 0.567187 0.412603 1.05809 0.559376 0.430586
threshold=27.892500000000002 2.5000000000000004 0.58335000000000015 23.561650000000004 21.955850000000002 1.4166500000000002 12.525 20.678350000000005 11.203350000000002
decision_type=2 2 2 2 2 2 2 2 2
left_child=1 3 -3 4 5 6 8 -8 -1
right_child=-2 2 -4 -5 -6 -7 7 -9 -10
leaf_value=-0.0054690285551737021 0.014279788425837662 -0.0022129409428022829 -0.017860298426309321 -0.008502310702906633 0.011690839021978962 0.0034609168896576263 -0.020148899537128954 0.0017024210984842609 0.010024941069183857
leaf_weight=5.730201572179797 5.6621267795562735 20.092826604843143 5.1256663203239432 7.1663468182086936 10.312629848718641 35.103279531002045 8.6099684834480268 3.6407469809055319 9.466579318046568
leaf_count=18 4 37 11 14 11 58 24 6 8
internal_value=-3.38592e-05 -0.00105584 -0.00647195 0.000767039 0.0018815 -4.78663e-05 -0.00446561 -0.0143274 0.00422609
internal_weight=110.91 105.248 25.2185 80.0298 72.8634 62.5508 27.4475 12.2507 15.1968
internal_count=191 187 48 139 125 114 56 30 26
is_linear=0
shrinkage=0.05


Tree=51
num_leaves=10
num_cat=0
split_feature=11 11 11 4 14 11 11 11 11
split_gain=0.642389 0.387687 0.537291 0.280334 0.644147 0.367729 1.07791 0.422507 0.356087
threshold=27.892500000000002 23.561650000000004 18.632500000000004 0.41665000000000002 0.58335000000000015 12.525 11.203350000000002 16.377500000000005 17.322500000000005
decision_type=2 2 2 2 2 2 2 2 2
left_child=1 2 3 4 5 6 -1 -7 -9
right_child=-2 -3 -4 -5 -6 7 -8 8 -10
leaf_value=-0.013146436910689977 0.013868503954766251 -0.0092144228519363113 0.0042572721244083589 -0.012026226644786036 0.0068157402062278471 -0.018719034405046013 0.010376410800866692 0.0064038794519890923 -0.0090233366277282321
leaf_weight=6.5303429663181296 5.7435606718063346 10.786457836627958 40.963468313217163 5.7839750051498404 13.789491057395933 6.1271123290061977 9.3521049022674543 4.3925209343433362 7.4685060679912567
leaf_count=21 4 21 58 12 27 17 8 8 15
internal_value=-3.9824e-05 -0.0010438 6.1516e-05 -0.00319198 -0.00167871 -0.00532419 0.00031598 -0.00983745 -0.00321048
internal_weight=110.938 105.194 94.4075 53.4441 47.6601 33.8706 15.8824 17.9881 11.861
internal_count=191 187 166 108 96 69 29 40 23
is_linear=0
shrinkage=0.05


Tree=52
num_leaves=10
num_cat=0
split_feature=11 11 11 4 14 11 11 11 11
split_gain=0.613785 0.373743 0.514766 0.27317 0.618165 0.357021 1.03777 0.4177 0.34459
threshold=27.892500000000002 23.561650000000004 18.632500000000004 0.41665000000000002 0.58335000000000015 12.525 11.203350000000002 16.377500000000005 17.322500000000005
decision_type=2 2 2 2 2 2 2 2 2
left_child=1 2 3 4 5 6 -1 -7 -9
right_child=-2 -3 -4 -5 -6 7 -8 8 -10
leaf_value=-0.013028449047604694 0.013471774725607927 -0.0090926617364615204 0.0041394347957932993 -0.011911481820234261 0.006627854798497027 -0.01863239463695501 0.0100764719114895 0.0062666081209853328 -0.0089105469703545295
leaf_weight=6.4450541138648978 5.82377004623413 10.687523663043974 41.13823264837265 5.7148321866989127 13.883797734975813 6.0134855359792736 9.4496514797210676 4.4207404851913434 7.4014183878898621
leaf_count=21 4 21 58 12 27 17 8 8 15
internal_value=-4.88126e-05 -0.00103509 4.61143e-05 -0.00314698 -0.00165728 -0.00524763 0.000298755 -0.00972219 -0.00314969
internal_weight=110.979 105.155 94.4672 53.329 47.6141 33.7304 15.8947 17.8356 11.8222
internal_count=191 187 166 108 96 69 29 40 23
is_linear=0
shrinkage=0.05


Tree=53
num_leaves=10
num_cat=0
split_feature=11 11 11 11 11 11 11 11 11
split_gain=0.586572 0.360262 0.493325 0.269105 0.892709 0.592026 0.526173 0.226812 0.145179
threshold=27.892500000000002 23.561650000000004 18.632500000000004 17.322500000000005 16.510850000000005 14.427500000000002 11.203350000000002 25.290850000000002 21.955850000000002
decision_type=2 2 2 2 2 2 2 2 2
left_child=1 2 3 4 5 6 -1 -3 -4
right_child=-2 7 8 -5 -6 -7 -8 -9 -10
leaf_value=-0.0086266561431016502 0.013088958590087539 -0.016288168137021802 0.001750178723690218 -0.0094192422333282972 0.014610937095425103 -0.014722581692599461 0.0044515603936336173 -0.0020806068198504293 0.007992749282143153
leaf_weight=10.322616130113603 5.902757763862609 3.8140692114829999 28.085600316524506 10.956407040357588 5.5977939665317527 7.860655963420867 18.479563772678375 6.7767168581485748 13.223274201154707
leaf_count=33 4 9 43 21 9 21 24 12 15
internal_value=-5.77908e-05 -0.00102664 3.09873e-05 -0.00310303 -0.00111387 -0.00414639 -0.000491425 -0.00897175 0.00402529
internal_weight=111.019 105.117 94.5259 53.217 42.2606 36.6628 28.8022 10.5908 41.3089
internal_count=191 187 166 108 87 78 57 21 58
is_linear=0
shrinkage=0.05


Tree=54
num_leaves=10
num_cat=0
split_feature=12 16 14 14 12 12 7 12 12
split_gain=0.560214 0.408883 0.504415 0.443611 0.310455 0.495764 0.395906 1.01555 0.539624
threshold=27.892500000000002 2.5000000000000004 0.83335000000000015 1.0000000180025095e-35 23.561650000000004 21.955850000000002 1.4166500000000002 12.525 20.678350000000005
decision_type=2 2 2 2 2 2 2 2 2
left_child=1 4 3 -3 5 6 7 -1 -9
right_child=-2 2 -4 -5 -6 -7 -8 8 -10
leaf_value=0.004074352216389826 0.012719452554149753 -0.011821977064020796 -0.017827368338040186 0.0028206768107377749 -0.0080730148744019275 0.010840040675675719 0.0033975701014591869 -0.020028025478709088 0.0014998588121876188
leaf_weight=15.287058711051943 5.9805263280868521 5.6617453694343629 5.0921539366245261 14.262548744678496 6.9315050542354575 10.606315821409224 35.186546802520752 8.3428562283515912 3.6841438710689536
leaf_count=26 4 12 11 25 14 11 58 24 6
internal_value=-6.12853e-05 -0.00101289 -0.00633466 -0.00203909 0.000764333 0.00179489 -2.85906e-05 -0.00437292 -0.0141599
internal_weight=111.035 105.055 25.0164 19.9243 80.0384 73.1069 62.5006 27.3141 12.027
internal_count=191 187 48 37 139 125 114 56 30
is_linear=0
shrinkage=0.05


Tree=55
num_leaves=10
num_cat=0
split_feature=16 14 14 11 11 11 7 11 11
split_gain=0.537255 0.495692 0.430404 0.393966 0.299234 0.47101 0.379712 0.985766 0.532278
threshold=2.5000000000000004 0.83335000000000015 1.0000000180025095e-35 27.892500000000002 23.561650000000004 21.955850000000002 1.4166500000000002 12.525 20.678350000000005
decision_type=2 2 2 2 2 2 2 2 2
left_child=3 2 -2 4 5 6 7 -1 -9
right_child=1 -3 -4 -5 -6 -7 -8 8 -10
leaf_value=0.0039703759465044798 -0.011708025299682939 -0.017737396632881028 0.0027523495555806105 0.012362681550243726 -0.0079677987679687041 0.010515929868480912 0.0033069627527168807 -0.019949984091844716 0.0014742699020610197
leaf_weight=15.349470525979998 5.5952064394950929 5.002178654074668 14.302835583686827 6.0570811033248892 6.8757721483707419 10.721913874149321 35.306299120187759 8.1774274706840497 3.6896737217903128
leaf_count=26 12 11 25 4 14 11 58 24 6
internal_value=-7.05851e-05 -0.00625475 -0.00201177 0.00181761 0.000738736 0.00174611 -3.71487e-05 -0.00430466 -0.0140369
internal_weight=111.078 24.9002 19.898 86.1776 80.1206 73.2448 62.5229 27.2166 11.8671
internal_count=191 48 37 143 139 125 114 56 30
is_linear=0
shrinkage=0.05


Tree=56
num_leaves=10
num_cat=0
split_feature=16 14 14 11 11 11 7 11 11
split_gain=0.519155 0.487093 0.417601 0.375824 0.288414 0.447627 0.364248 0.95687 0.524981
threshold=2.5000000000000004 0.83335000000000015 1.0000000180025095e-35 27.892500000000002 23.561650000000004 21.955850000000002 1.4166500000000002 12.525 20.678350000000005
decision_type=2 2 2 2 2 2 2 2 2
left_child=3 2 -2 4 5 6 7 -1 -9
right_child=1 -3 -4 -5 -6 -7 -8 8 -10
leaf_value=0.0038693663151226406 -0.011594540611041034 -0.017647193878059571 0.0026858173699541247 0.01201809994959231 -0.0078634953505234816 0.010203802696588191 0.003219035365312547 -0.019871297750643495 0.0014491279805424304
leaf_weight=15.410534828901293 5.5300796031951966 4.9142352789640418 14.342256277799605 6.1324276924133292 6.8212050795555106 10.83525976538658 35.423249006271362 8.0159044265747053 3.6951172351837149
leaf_count=26 12 11 25 4 14 11 58 24 6
internal_value=-7.98675e-05 -0.00617594 -0.00198495 0.00177053 0.000713631 0.00169842 -4.5574e-05 -0.0042377 -0.0139141
internal_weight=111.12 24.7866 19.8723 86.3337 80.2013 73.3801 62.5448 27.1216 11.711
internal_count=191 48 37 143 139 125 114 56 30
is_linear=0
shrinkage=0.05


Tree=57
num_leaves=10
num_cat=0
split_feature=16 14 14 14 11 11 7 7 11
split_gain=0.501696 0.478618 0.405191 0.368817 0.577965 0.522397 1.29165 0.493972 0.422798
threshold=2.5000000000000004 0.83335000000000015 1.0000000180025095e-35 0.41665000000000002 22.853350000000002 11.808350000000003 1.4166500000000002 0.83335000000000015 18.632500000000004
decision_type=2 2 2 2 2 2 2 2 2
left_child=3 2 -2 5 -5 -1 7 -7 -8
right_child=1 -3 -4 4 -6 6 8 -9 -10
leaf_value=0.0096162711746746593 -0.011481540785002006 -0.017556778285888669 0.0026210265844298086 0.0012389937591127417 0.013828661551373939 -0.0025211755037448796 -0.0042634173564073318 -0.020356526703366309 0.0094171750274689384
leaf_weight=6.69948786497116 5.4663312137126985 4.8282735347747794 14.380828738212584 32.511645913124084 10.92512473464012 6.950050801038743 7.7082567811012295 9.1024898439645767 12.590086638927458
leaf_count=15 12 11 25 57 11 10 12 24 14
internal_value=-8.91204e-05 -0.00609823 -0.00195863 0.00172441 0.00487484 -0.0015296 -0.00397815 -0.0137694 0.00430557
internal_weight=111.163 24.6754 19.8472 86.4871 43.4368 43.0504 36.3509 16.0525 20.2983
internal_count=191 48 37 143 68 75 60 34 26
is_linear=0
shrinkage=0.05


Tree=58
num_leaves=10
num_cat=0
split_feature=16 14 14 14 11 11 8 8 11
split_gain=0.485159 0.470267 0.39316 0.352172 0.544772 0.50105 1.25241 0.489013 0.402132
threshold=2.5000000000000004 0.83335000000000015 1.0000000180025095e-35 0.41665000000000002 22.853350000000002 11.808350000000003 1.4166500000000002 0.83335000000000015 18.632500000000004
decision_type=2 2 2 2 2 2 2 2 2
left_child=3 2 -2 5 -5 -1 7 -7 -8
right_child=1 -3 -4 4 -6 6 8 -9 -10
leaf_value=0.0093618477194772291 -0.011369041554167063 -0.017466167541662424 0.0025579255337148947 0.0012085839692417878 0.013378949314686729 -0.0024774707724191931 -0.004193712712072104 -0.020281392141294475 0.0091398287840578716
leaf_weight=6.7642227113246909 5.4039281308651033 4.7442443519830695 14.418570667505263 32.551952809095383 11.077254086732863 6.9325503706932041 7.6754631996154812 8.9190680533647537 12.709209799766539
leaf_count=15 12 11 25 57 11 10 12 24 14
internal_value=-9.65269e-05 -0.0060216 -0.00193278 0.00168169 0.00474956 -0.00150379 -0.00391566 -0.0136449 0.00419321
internal_weight=111.196 24.5667 19.8225 86.6297 43.6292 43.0005 36.2363 15.8516 20.3847
internal_count=191 48 37 143 68 75 60 34 26
is_linear=0
shrinkage=0.05


Tree=59
num_leaves=10
num_cat=0
split_feature=11 11 11 8 4 8 11 8 11
split_gain=0.461939 0.333321 0.42448 0.291903 0.436784 0.549925 1.37631 0.345531 0.301219
threshold=27.892500000000002 11.203350000000002 23.561650000000004 0.83335000000000015 0.41665000000000002 1.1666500000000002 12.525 1.0000000180025095e-35 21.225000000000005
decision_type=2 2 2 2 2 2 2 2 2
left_child=1 -1 3 7 5 6 -5 -3 -7
right_child=-2 2 -4 4 -6 8 -8 -9 -10
leaf_value=-0.0086997135457848561 0.011258109246727356 0.00025529749499517916 -0.0086489587782743651 0.0081194445980577717 -0.0099290878999625728 0.0017091267359727873 -0.019512749961805964 0.013810086983018475 0.01128613007968679
leaf_weight=10.378430157899855 6.3036946058273307 9.9459339678287524 10.339601337909697 7.0946968793869001 8.044077053666113 35.668391227722168 7.3404287695884705 7.0492855310440055 9.0661540627479535
leaf_count=33 4 12 21 6 15 57 25 10 8
internal_value=-0.000104004 -0.000984413 2.51532e-05 0.00126615 -0.000272604 0.00132191 -0.00659645 0.00673965 0.00404998
internal_weight=111.231 104.927 94.5486 84.209 67.2137 59.1697 14.4351 16.9952 44.7345
internal_count=191 187 154 133 111 96 31 22 65
is_linear=0
shrinkage=0.05


Tree=60
num_leaves=10
num_cat=0
split_feature=16 0 14 14 13 13 7 7 13
split_gain=0.469852 0.461875 0.382187 0.331481 0.505822 0.485446 1.19892 0.476783 0.380769
threshold=2.5000000000000004 0.58335000000000015 1.0000000180025095e-35 0.41665000000000002 22.853350000000002 11.808350000000003 1.4166500000000002 0.83335000000000015 18.632500000000004
decision_type=2 2 2 2 2 2 2 2 2
left_child=3 2 -2 5 -5 -1 7 -7 -8
right_child=1 -3 -4 4 -6 6 8 -9 -10
leaf_value=0.0092046818290064791 -0.011264806792312001 -0.017375649579746598 0.0024986450728833494 0.0011800872092375184 0.012848744325249434 -0.0024924901857842035 -0.0041530103915529354 -0.020166963115487973 0.0087979952985579226
leaf_weight=6.8046952486038199 5.3470336794853273 4.6623411774635306 14.454186379909514 32.589808657765388 11.261277198791502 6.9385566711425755 7.6564166247844723 8.6510760337114334 12.858734190464018
leaf_count=15 12 11 25 57 11 10 12 24 14
internal_value=-0.000102569 -0.00594826 -0.00191043 0.00164261 0.00460643 -0.0014565 -0.00384349 -0.0134783 0.00402502
internal_weight=111.224 24.4636 19.8012 86.7606 43.8511 42.9095 36.1048 15.5896 20.5152
internal_count=191 48 37 143 68 75 60 34 26
is_linear=0
shrinkage=0.05


Tree=61
num_leaves=10
num_cat=0
split_feature=16 14 14 14 11 11 7 7 11
split_gain=0.454394 0.455766 0.371779 0.316692 0.477178 0.465715 1.16255 0.471865 0.362382
threshold=2.5000000000000004 0.83335000000000015 1.0000000180025095e-35 0.41665000000000002 22.853350000000002 11.808350000000003 1.4166500000000002 0.83335000000000015 18.632500000000004
decision_type=2 2 2 2 2 2 2 2 2
left_child=3 2 -2 5 -5 -1 7 -7 -8
right_child=1 -3 -4 4 -6 6 8 -9 -10
leaf_value=0.0089631776172024932 -0.011153316815681437 -0.017296802336068069 0.0024562121499911767 0.0011511840932630268 0.012439483257950353 -0.0024492430086881919 -0.0040848436379715353 -0.020090113070670684 0.0085427868863403433
leaf_weight=6.8676195144653311 5.2871383428573671 4.5926021337509146 14.479774951934813 32.628290221095085 11.406903982162474 6.9212839007377598 7.6246853470802334 8.4783574342727661 12.972364485263823
leaf_count=15 12 11 25 57 11 10 12 24 14
internal_value=-0.000110187 -0.00587374 -0.00187431 0.00160124 0.00448871 -0.00143297 -0.00378379 -0.0133544 0.00392044
internal_weight=111.259 24.3595 19.7669 86.8995 44.0352 42.8643 35.9967 15.3996 20.597
internal_count=191 48 37 143 68 75 60 34 26
is_linear=0
shrinkage=0.05


Tree=62
num_leaves=10
num_cat=0
split_feature=16 0 11 0 11 11 7 11 11
split_gain=0.439466 0.448855 0.302502 0.290644 0.27851 0.384483 0.308961 0.8529 0.525989
threshold=2.5000000000000004 0.58335000000000015 27.892500000000002 1.0000000180025095e-35 23.561650000000004 21.955850000000002 1.4166500000000002 12.525 20.678350000000005
decision_type=2 2 2 2 2 2 2 2 2
left_child=2 3 4 -2 5 6 7 -1 -9
right_child=1 -3 -4 -5 -6 -7 -8 8 -10
leaf_value=0.0035228424176428248 -0.0074316919320061127 -0.017212612619135693 0.010554108367109315 0.0036868928409591484 -0.0078343959147851618 0.0093327528649666518 0.002903857446878108 -0.019613453185032312 0.0018660718405130725
leaf_weight=15.623329132795336 9.4762288630008733 4.5197314620017996 6.4689079523086539 10.261768579483032 6.8061005175113669 11.162528336048124 35.848552048206329 7.5207666754722577 3.6061675846576691
leaf_count=26 20 11 4 17 14 11 58 24 6
internal_value=-0.000117837 -0.00580026 0.00156061 -0.00184377 0.000600352 0.00156491 -6.62952e-05 -0.00397177 -0.0134284
internal_weight=111.294 24.2577 87.0364 19.738 80.5674 73.7613 62.5988 26.7503 11.1269
internal_count=191 48 143 37 139 125 114 56 30
is_linear=0
shrinkage=0.05


Tree=63
num_leaves=10
num_cat=0
split_feature=16 14 14 14 11 8 8 11 11
split_gain=0.423905 0.443724 0.356443 0.29747 0.441528 1.11388 0.464509 0.440528 0.34514
threshold=2.5000000000000004 0.83335000000000015 1.0000000180025095e-35 0.41665000000000002 11.808350000000003 1.4166500000000002 0.83335000000000015 22.853350000000002 18.632500000000004
decision_type=2 2 2 2 2 2 2 2 2
left_child=3 2 -2 4 -1 6 -6 -5 -7
right_child=1 -3 -4 7 5 8 -8 -9 -10
leaf_value=0.0086390034088207803 -0.010968135901143108 -0.017135002202411136 0.0024151948492855315 0.0010886933358109918 -0.0024113831446038961 -0.0040654286048496862 -0.019990082480768164 0.011870721291642419 0.0082323427899046921
leaf_weight=6.9535114765167227 5.1897842288017335 4.4539685398340216 14.50458589196205 32.711782097816467 6.906217306852338 7.6156861335039165 8.2617603540420532 11.614678770303724 13.112953066825865
leaf_count=15 12 11 25 57 10 12 24 11 14
internal_value=-0.000124564 -0.00572065 -0.00179755 0.00151911 -0.00142557 -0.00372821 -0.0131996 0.00430438 0.00375399
internal_weight=111.325 24.1483 19.6944 87.1766 42.8501 35.8966 15.168 44.3265 20.7286
internal_count=191 48 37 143 75 60 34 68 26
is_linear=0
shrinkage=0.05


end of trees

feature_importances:
last_5_avg_minutes=237
last_5_avg_shots=114
last_10_avg_points=48
last_5_avg_assists=37
last_10_avg_minutes=30
days_rest=27
games_played_season=23
last_10_avg_shots=21
season_avg_minutes=20
last_10_avg_assists=11
last_10_rate_over_0.5_assists=8

parameters:
[boosting: gbdt]
[objective: poisson]
[metric: poisson,l1]
[tree_learner: serial]
[device_type: cpu]
[data_sample_strategy: bagging]
[data: ]
[valid: ]
[num_iterations: 300]
[learning_rate: 0.05]
[num_leaves: 10]
[num_threads: 0]
[seed: 42]
[deterministic: 0]
[force_col_wise: 0]
[force_row_wise: 0]
[histogram_pool_size: -1]
[max_depth: -1]
[min_data_in_leaf: 8]
[min_sum_hessian_in_leaf: 0.001]
[bagging_fraction: 1]
[pos_bagging_fraction: 1]
[neg_bagging_fraction: 1]
[bagging_freq: 0]
[bagging_seed: 400]
[bagging_by_query: 0]
[feature_fraction: 0.8]
[feature_fraction_bynode: 1]
[feature_fraction_seed: 30056]
[extra_trees: 0]
[extra_seed: 12879]
[early_stopping_round: 0]
[early_stopping_min_delta: 0]
[first_metric_only: 0]
[max_delta_step: 0]
[lambda_l1: 0]
[lambda_l2: 2]
[linear_lambda: 0]
[min_gain_to_split: 0]
[drop_rate: 0.1]
[max_drop: 50]
[skip_drop: 0.5]
[xgboost_dart_mode: 0]
[uniform_drop: 0]
[drop_seed: 17869]
[top_rate: 0.2]
[other_rate: 0.1]
[min_data_per_group: 100]
[max_cat_threshold: 32]
[cat_l2: 10]
[cat_smooth: 10]
[max_cat_to_onehot: 4]
[top_k: 20]
[monotone_constraints: ]
[monotone_constraints_method: basic]
[monotone_penalty: 0]
[feature_contri: ]
[forcedsplits_filename: ]
[refit_decay_rate: 0.9]
[cegb_tradeoff: 1]
[cegb_penalty_split: 0]
[cegb_penalty_feature_lazy: ]
[cegb_penalty_feature_coupled: ]
[path_smooth: 0]
[interaction_constraints: ]
[verbosity: -1]
[saved_feature_importance_type: 0]
[use_quantized_grad: 0]
[num_grad_quant_bins: 4]
[quant_train_renew_leaf: 0]
[stochastic_rounding: 1]
[linear_tree: 0]
[max_bin: 255]
[max_bin_by_feature: ]
[min_data_in_bin: 3]
[bin_construct_sample_cnt: 200000]
[data_random_seed: 175]
[is_enable_sparse: 1]
[enable_bundle: 1]
[use_missing: 1]
[zero_as_missing: 0]
[feature_pre_filter: 1]
[pre_partition: 0]
[two_round: 0]
[header: 0]
[label_column: ]
[weight_column: ]
[group_column: ]
[ignore_column: ]
[categorical_feature: ]
[forcedbins_filename: ]
[precise_float_parser: 0]
[parser_config_file: ]
[objective_seed: 16083]
[num_class: 1]
[is_unbalance: 0]
[scale_pos_weight: 1]
[sigmoid: 1]
[boost_from_average: 1]
[reg_sqrt: 0]
[alpha: 0.9]
[fair_c: 1]
[poisson_max_delta_step: 0.7]
[tweedie_variance_power: 1.5]
[lambdarank_truncation_level: 30]
[lambdarank_norm: 1]
[label_gain: ]
[lambdarank_position_bias_regularization: 0]
[eval_at: ]
[multi_error_top_k: 1]
[auc_mu_weights: ]
[num_machines: 1]
[local_listen_port: 12400]
[time_out: 120]
[machine_list_filename: ]
[machines: ]
[gpu_platform_id: -1]
[gpu_device_id: -1]
[gpu_use_dp: 0]
[num_gpu: 1]

end of parameters

pandas_categorical:[]
