tree
version=v4
num_class=1
num_tree_per_iteration=1
label_index=0
max_feature_idx=20
objective=poisson
feature_names=last_5_avg_strikeouts last_10_avg_strikeouts last_20_avg_strikeouts season_avg_strikeouts last_5_avg_batter_k_rate last_10_avg_batter_k_rate last_20_avg_batter_k_rate season_avg_batter_k_rate last_5_avg_at_bats last_10_avg_at_bats pitcher_last_5_k_rate pitcher_last_10_k_rate last_10_avg_faced_k_rate last_10_avg_batter_hard_contact season_avg_batter_hard_contact last_10_avg_batter_slg last_10_avg_batter_iso last_10_avg_pitcher_command days_rest games_played_season park_factor
feature_infos=[0:5] [0:5] [0:5] [0:5] [0:1] [0:1] [0:1] [0:1] [0.25:6] [0.25:6] [0:0.63160000000000005] [0:0.63160000000000005] [0:0.44440000000000002] [0:1] [0:1] [0:1] [0:1] none [0:458] [0:179] [0.91000000000000003:1.1200000000000001]
tree_sizes=3513 3519 3537 3533 3545 3545 3535 3549 3546 3541 3545 3547 3556 3536 3553 3532 3555 3514 3560 3562 3565

Tree=0
num_leaves=31
num_cat=0
split_feature=3 3 7 11 19 11 11 7 7 6 3 6 11 3 11 13 14 14 11 14 7 14 14 7 10 8 16 7 7 10
split_gain=810.935 152.391 119.258 63.1399 52.4227 43.0602 42.9752 39.0872 21.3988 18.9624 16.9771 16.3923 15.976 15.8321 14.6087 13.9105 13.414 12.6624 11.8027 11.4117 9.39646 8.48659 8.07834 11.9212 7.94762 7.5787 7.48434 7.30709 7.27504 7.25682
threshold=0.83215000000000006 1.0409000000000002 0.19085000000000002 0.23325000000000004 16.500000000000004 0.19015000000000001 0.23885000000000003 0.15605000000000002 0.23785000000000003 0.28505000000000008 0.9668000000000001 0.31260000000000004 0.26930000000000004 0.30095000000000005 0.18815000000000001 0.13965000000000002 0.097250000000000017 0.10005000000000001 0.20435000000000003 0.09395000000000002 0.30785000000000007 0.077450000000000005 0.025050000000000006 0.37175000000000008 0.28235000000000005 1.6333500000000003 0.30085000000000006 0.22445000000000001 0.25285000000000007 0.36160000000000009
decision_type=2 2 2 2 2 2 2 2 2 2 2 2 2 2 2 2 2 2 2 2 2 2 2 2 2 2 2 2 2 2
left_child=2 3 4 10 9 27 16 13 12 25 18 -8 -7 -6 -9 -10 22 -5 21 -13 -18 -2 -3 -24 -19 -1 -27 -4 -23 -16
right_child=1 6 5 17 7 8 11 14 15 -11 -12 19 -14 -15 29 -17 20 24 -20 -21 -22 28 23 -25 -26 26 -28 -29 -30 -31
leaf_value=-0.079725563765179072 -0.087578831134642099 -0.084565888610370801 -0.089124514679707126 -0.082045433613554028 -0.097345029757945831 -0.086837110166963882 -0.079703941248612145 -0.091059521084005862 -0.084237904837011435 -0.080049676267540629 -0.083125239895463568 -0.077985377979109302 -0.083929219344544767 -0.091807108287492209 -0.088354689939333819 -0.079583584071027128 -0.081553518505045955 -0.080873466054137505 -0.083747373719123192 -0.074859506238113882 -0.078808862542859445 -0.086538199601781052 -0.082025832319025299 -0.079144575739598544 -0.077665384609587301 -0.087860827047875942 -0.083414258463936658 -0.087130695035320685 -0.083854320196328574 -0.081497063273400713
leaf_weight=210.9640109539032 3834.3634271621704 1239.8762047290802 5668.2698732614517 9582.2074449062347 910.47625780105591 11486.43522799015 3862.121849656105 3956.5004861354828 8358.9862936735153 649.54708635807037 9071.4524710178375 3921.3398176431656 4102.6948446035385 8899.3502515554428 9443.4153324365616 1171.4054292440414 2720.3254044055939 3075.6332123279572 5181.5721988677979 3569.7331327199936 7492.9235118627548 3249.5859932899475 7635.4167473316193 3286.5972232818604 2065.2266335487366 6154.9675476551056 671.75382435321808 6112.4046331644058 3214.4253247976303 253.52692544460297
leaf_count=114 2072 670 3063 5178 492 6207 2087 2138 4517 351 4902 2119 2217 4809 5103 633 1470 1662 2800 1929 4049 1756 4126 1776 1116 3326 363 3303 1737 137
internal_value=-0.0844919 -0.0815637 -0.0876333 -0.0832573 -0.0894558 -0.0860947 -0.0795916 -0.090395 -0.085159 -0.086589 -0.0844993 -0.0775871 -0.0860718 -0.0923211 -0.0890112 -0.0836658 -0.0806087 -0.0811862 -0.0853045 -0.0764958 -0.0795399 -0.0860879 -0.0815062 -0.0811588 -0.0795847 -0.0871925 -0.0874233 -0.08809 -0.0852036 -0.0881754
internal_weight=141053 73002.8 68050.7 39274.5 31150.5 36900.2 33728.3 23463.3 25119.5 7687.23 24551.4 11353.2 15589.1 9809.83 13653.4 9530.39 22375.1 14723.1 15479.9 7491.07 10213.2 10298.4 12161.9 10922 5140.86 7037.69 6826.72 11780.7 6464.01 9696.94
internal_count=76222 39449 36773 21223 16833 19940 18226 12679 13574 4154 13267 6135 8424 5301 7378 5150 12091 7956 8365 4048 5519 5565 6572 5902 2778 3803 3689 6366 3493 5240
is_linear=0
shrinkage=1


Tree=1
num_leaves=31
num_cat=0
split_feature=3 3 7 11 19 11 11 7 7 6 3 3 6 11 11 13 7 11 19 2 16 7 3 19 3 6 9 4 8 16
split_gain=779.165 145.048 115.695 60.3747 51.022 41.6104 40.6294 38.2473 20.5854 18.2217 16.2997 15.6452 15.4346 15.399 14.2446 13.2814 12.9966 11.3571 10.8999 11.5766 10.357 8.91828 8.33186 8.16935 13.6057 8.13936 8.39972 7.4087 7.28635 7.22755
threshold=0.83215000000000006 1.0409000000000002 0.19085000000000002 0.23325000000000004 16.500000000000004 0.19015000000000001 0.23885000000000003 0.15605000000000002 0.23785000000000003 0.28505000000000008 0.9668000000000001 0.30095000000000005 0.31260000000000004 0.26930000000000004 0.18815000000000001 0.13965000000000002 0.28575000000000006 0.20435000000000003 14.500000000000002 1.5857500000000002 0.090850000000000014 0.37175000000000008 1.1821000000000002 9.5000000000000018 1.2392500000000004 0.29505000000000003 2.6458500000000007 0.2516500000000001 1.6333500000000003 0.30085000000000006
decision_type=2 2 2 2 2 2 2 2 2 2 2 2 2 2 2 2 2 2 2 2 2 2 2 2 2 2 2 2 2 2
left_child=2 3 4 10 9 -4 16 11 13 28 17 -6 -8 -7 -9 -10 -3 -2 -18 21 25 22 -20 -14 27 -5 -27 -25 -1 -30
right_child=1 6 5 20 7 8 12 14 15 -11 -12 -13 23 -15 -16 -17 18 -19 19 -21 -22 -23 -24 24 -26 26 -28 -29 29 -31
leaf_value=0.0046676709877701552 -0.0015481927306031905 0.00086112195769892999 -0.0035207355876466506 2.273228858532225e-05 -0.012743327790968493 -0.0022853614825953548 0.004688659718638289 -0.006461135732116186 0.00026750459194506583 0.0043529532908219972 0.0013562425195703534 -0.0072041743461800914 0.004409506842162709 0.00056979742916189963 -0.0036050314335812662 0.0048054704518149284 0.0022006198457404469 0.00074778887865053047 0.0029668499197163718 0.0097901610992021069 0.0039156237216158721 0.0059951338766478096 0.0051473259579290758 0.010755805819988451 0.010640897314679529 -0.00099156413015738564 0.0051822653072967967 0.006133459885856998 -0.0032945090990601578 0.0010736742488368142
leaf_weight=211.97596621513367 10282.15915286541 2161.6890988349915 11738.591086506844 2373.5118956565857 898.86577033996582 11459.746618509293 3880.7315745353699 3930.6755831241608 8361.2683225870132 652.45132970809937 9084.0309047698975 8834.6547421216965 992.05209279060364 4105.0818847417831 9661.4786990880966 1177.1915867328644 3827.0430375337601 5185.529899597168 7293.8277453184128 652.87242078781128 10568.973581910133 3972.3811835050583 4554.843575835228 662.32913076877594 2479.6496441364288 476.90083539485931 1352.7284419536591 3417.334212064743 6134.3833677768707 672.49089288711548
leaf_count=114 5565 1165 6366 1279 492 6207 2087 2138 4517 351 4902 4809 532 2217 5240 633 2061 2800 3928 351 5691 2135 2451 355 1329 257 729 1832 3326 363
internal_value=1.8417e-05 0.00287999 -0.00307009 0.0012271 -0.00487098 -0.0015549 0.00479763 -0.00580165 -0.000635652 -0.00204114 1.13665e-05 -0.0077157 0.00673888 -0.00153234 -0.00443098 0.000827559 0.00380966 -0.000778467 0.00412362 0.00457035 0.0032477 0.00435495 0.00380506 0.00779251 0.00830417 0.00156818 0.00357303 0.00688389 -0.00263552 -0.00286295
internal_weight=141057 73218.6 67838.9 39323.8 30997 36841.9 33894.8 23325.7 25103.3 7671.3 24551.7 9733.52 11432.1 15564.8 13592.2 9538.46 22462.7 15467.7 20301 16473.9 14772.1 15821.1 11848.7 7551.37 6559.31 4203.14 1829.63 4079.66 7018.85 6806.87
internal_count=76222 39449 36773 21223 16833 19940 18226 12679 13574 4154 13267 5301 6135 8424 7378 5150 12091 8365 10926 8865 7956 8514 6379 4048 3516 2265 986 2187 3803 3689
is_linear=0
shrinkage=0.04


Tree=2
num_leaves=31
num_cat=0
split_feature=3 3 7 11 19 3 11 11 3 7 14 7 11 2 11 2 13 14 11 7 11 19 7 14 14 7 14 15 8 14
split_gain=748.649 138.088 112.367 57.7672 45.2426 47.1527 38.4267 37.9133 17.1784 16.3393 15.9384 15.5093 15.0132 14.251 14.1867 12.9628 12.6826 12.6284 12.1982 8.55282 8.39358 8.21542 9.91737 7.8725 7.54485 10.8935 7.20277 7.14756 6.92503 6.57037
threshold=0.83215000000000006 1.0409000000000002 0.19745000000000004 0.20435000000000003 14.500000000000002 0.58360000000000012 0.23885000000000003 0.19015000000000001 0.30095000000000005 0.26175000000000004 0.13785000000000003 0.23785000000000003 0.25125000000000003 0.81535000000000013 0.18760000000000002 1.2330500000000002 0.13965000000000002 0.097250000000000017 0.26275000000000004 0.30325000000000008 0.26930000000000004 9.5000000000000018 0.32815000000000005 0.076150000000000009 0.025050000000000006 0.36965000000000003 0.10005000000000001 0.51360000000000017 1.9000000000000001 0.11275
decision_type=2 2 2 2 2 2 2 2 2 2 2 2 2 2 2 2 2 2 2 2 2 2 2 2 2 2 2 2 2 2
left_child=2 3 4 9 13 8 17 -4 -6 -2 12 18 27 28 -7 -8 -13 24 -9 -19 -10 -17 -23 -11 -3 -26 -14 -5 -1 -24
right_child=1 6 7 10 5 14 15 11 20 23 -12 16 26 -15 -16 21 -18 19 -20 -21 -22 22 29 -25 25 -27 -28 -29 -30 -31
leaf_value=0.0033183256703940762 -0.0020682197489954178 -0.00010291874621885081 -0.0033186572816134023 0.00096859678657943847 -0.012351093292193749 -0.0057940519014729646 0.0054057912717940084 -0.0021358056518892953 -0.0072267825530797549 -0.00094556636266975307 0.0068287878964820303 0.00026212025766536893 0.0026634170865563011 0.0025807297661106787 -0.0030326087965180195 0.0041172614964775428 0.0046872091988905814 0.0026307436288509761 0.00055003582979586357 0.005377690792006771 -0.0044521828954511905 0.0058719013471120766 0.0089090964263330696 0.0014363794044500128 0.0023333932499763495 0.0050454743641430953 0.0049962956024824472 0.0044457880851027755 -0.0028228906588880619 0.013159443165144004
leaf_weight=308.86381840705872 7064.8294475078583 1242.8839690685272 10555.611200809479 10798.766660809517 937.12747347354889 4145.1776595115662 6616.7497494220734 8908.1397528648376 9619.653258562088 3693.8667171001434 1279.7746416330338 8363.5056586265564 6873.5815651416779 1015.8552885055542 10559.210922122002 702.23214745521545 1182.8621402978897 2349.0545493364334 3885.6737177371979 7955.2784096002579 2130.9136717319489 1288.5018637180328 2096.4456467628479 5564.3737640380859 7547.0320153236389 3454.1889544725418 3060.3739284276962 1036.6445735692978 6018.595175743103 805.50273311138153
leaf_count=166 3826 670 5744 5816 519 2267 3533 4836 5264 1999 687 4517 3694 548 5745 375 633 1263 2099 4256 1165 686 1114 3004 4055 1847 1639 558 3270 427
internal_value=1.78776e-05 0.00281449 -0.00301852 0.00120119 -0.0046052 -0.00535265 0.00467952 -0.00134311 -0.00713927 -0.000619483 0.00249057 -0.000409676 0.00223553 -0.00181706 -0.00381106 0.00656013 0.00081042 0.0037196 -0.00132008 0.00475148 -0.00672362 0.00812124 0.00879222 0.000486027 0.00285119 0.00318494 0.00338211 0.00127316 -0.00252312 0.0100889
internal_weight=141061 73430.1 67631.2 39372.2 34735.4 27392.1 34057.9 32895.8 12687.7 16323.1 23049.1 22340.2 21769.4 7343.31 14704.4 11509.4 9546.37 22548.4 12793.8 10304.3 11750.6 4892.68 4190.45 9258.24 12244.1 11001.2 9933.96 11835.4 6327.46 2901.95
internal_count=76222 39449 36773 21223 18944 14960 18226 17829 6948 8829 12394 12085 11707 3984 8012 6135 5150 12091 6935 5519 6429 2602 2227 5003 6572 5902 5333 6374 3436 1541
is_linear=0
shrinkage=0.04


Tree=3
num_leaves=31
num_cat=0
split_feature=3 3 7 11 19 11 7 11 6 6 3 3 11 6 11 7 14 14 11 14 14 14 10 7 10 6 0 19 7 10
split_gain=719.34 131.491 109.043 55.4105 48.4406 38.8687 36.854 36.3578 19.0846 17.1087 15.4532 15.2319 14.4943 14.0286 13.6222 12.0858 13.515 11.2854 10.4795 10.195 9.65444 8.13648 7.3371 7.09811 7.0357 7.03224 6.8981 6.88709 8.44428 7.64654
threshold=0.83215000000000006 1.0409000000000002 0.19085000000000002 0.23325000000000004 16.500000000000004 0.19015000000000001 0.15605000000000002 0.23885000000000003 0.24085000000000004 0.28505000000000008 0.9668000000000001 0.30095000000000005 0.28875000000000006 0.31260000000000004 0.18815000000000001 0.28575000000000006 0.073150000000000007 0.10005000000000001 0.20435000000000003 0.09395000000000002 0.16115000000000004 0.077450000000000005 0.28235000000000005 0.22445000000000001 0.36160000000000009 0.21425000000000002 1.1000000000000003 49.500000000000007 0.32815000000000005 0.31905000000000006
decision_type=2 2 2 2 2 2 2 2 2 2 2 2 2 2 2 2 2 2 2 2 2 2 2 2 2 2 2 2 2 2
left_child=2 3 4 10 9 23 11 15 12 -1 18 -6 -7 -9 -8 -3 -17 25 21 -15 -10 -2 -19 -4 -16 -5 -18 29 -29 -21
right_child=1 7 5 17 6 8 14 13 20 -11 -12 -13 -14 19 24 16 26 22 -20 27 -22 -23 -24 -25 -26 -27 -28 28 -30 -31
leaf_value=-0.0025466860639242169 -0.0029675360141937358 0.00079272583868142702 -0.0044315581417590537 -0.00035438154385641061 -0.012562392781254766 -0.002108957950558665 -0.006291436940138455 0.0044409856036081771 0.00052097920318235275 0.0042078917082914481 0.001316590742385555 -0.0070308029608540518 0.0013188987720485952 0.0059874400850403655 -0.0036610459368435579 0.0022067906410495786 0.0034618191251320121 0.0033711759396740665 0.00070224584530356195 0.0058277626550248384 0.0096976411475130694 -0.00063614377480066908 0.006432217938688701 -0.0024559046893653656 0.0031054576484578897 0.0027338460540079113 0.0052195588130518741 0.007077802313332277 0.012591617565829501 0.012616381757164973
leaf_weight=6982.8441218137741 3811.5810403823853 2168.8468749523163 5601.4008241891861 1375.773108959198 876.58989715576172 12143.431563854218 3881.5279767513275 3920.2781711816788 10382.453546404839 656.38323557376862 9101.0374110937119 8715.2968455553055 2356.6833332777023 4002.9627724885941 9336.9079848527908 5357.4496874809265 5796.2984421253204 3110.879353761673 5197.0133639574051 1423.0567609071732 186.73217856884003 6445.0133244991302 2097.6869550943375 6054.8587152957916 252.51568818092346 8280.6504845619202 9309.9020344018936 702.26974499225616 1210.2900573015213 326.35675060749054
leaf_count=3803 2072 1165 3063 738 492 6591 2138 2087 5611 351 4902 4809 1272 2119 5103 2868 3094 1662 2800 750 100 3493 1116 3303 137 4440 4964 371 636 172
internal_value=1.73559e-05 0.00275066 -0.00296767 0.00117585 -0.00472697 -0.00149691 -0.0056414 0.00456487 -0.000609584 -0.00196631 8.99885e-06 -0.00753633 -0.00155183 0.00638729 -0.00429213 0.00363201 0.00393293 0.0031033 -0.000761077 0.00738274 0.000683109 -0.00150254 0.00460397 -0.0034053 -0.00348287 0.00229386 0.00454511 0.00890796 0.010567 0.00709419
internal_weight=141065 73637.3 67427.6 39419.6 30702.1 36725.6 23062.8 34217.7 25069.3 7639.23 24554.6 9591.89 14500.1 11585.2 13471 22632.5 20463.7 14865 15453.6 7664.94 10569.2 10256.6 5208.57 11656.3 9589.42 9656.42 15106.2 3661.97 1912.56 1749.41
internal_count=76222 39449 36773 21223 16833 19940 12679 18226 13574 4154 13267 5301 7863 6135 7378 12091 10926 7956 8365 4048 5711 5565 2778 6366 5240 5178 8058 1929 1007 922
is_linear=0
shrinkage=0.04


Tree=4
num_leaves=31
num_cat=0
split_feature=7 3 2 11 7 19 11 10 13 10 3 11 3 19 3 19 16 3 7 18 19 3 11 6 4 9 16 7 13 11
split_gain=693.439 152.731 82.1292 51.9919 40.8834 38.3682 37.7514 33.1845 23.1285 19.6923 16.0061 14.2139 14.1563 11.8153 10.9239 12.1499 10.2819 9.75087 8.83592 10.9408 8.64298 11.5907 8.3134 8.28377 8.09727 7.39027 7.52149 7.35398 6.87216 6.8052
threshold=0.23785000000000003 1.0223000000000002 0.71010000000000006 0.19885000000000003 0.16245000000000001 16.500000000000004 0.24695000000000003 0.24595000000000003 0.13685000000000003 0.20380000000000001 0.30095000000000005 0.25125000000000003 1.1231500000000001 16.500000000000004 1.2226000000000001 13.500000000000002 0.15915000000000004 0.79825000000000013 0.20665000000000003 148.50000000000003 16.500000000000004 0.79825000000000013 0.28875000000000006 0.48375000000000007 0.38500000000000006 2.3166500000000005 0.12415000000000002 0.37175000000000008 0.082500000000000004 0.20435000000000003
decision_type=2 2 2 2 2 2 2 2 2 2 2 2 2 2 2 2 2 2 2 2 2 2 2 2 2 2 2 2 2 2
left_child=2 3 4 16 5 -1 12 20 11 -6 -7 -5 27 28 -8 -16 -2 -13 19 -9 -4 -22 25 -15 -18 -11 -27 -3 -14 -23
right_child=1 6 7 8 9 10 14 18 -10 22 -12 17 13 23 15 -17 24 -19 -20 -21 21 29 -24 -25 -26 26 -28 -29 -30 -31
leaf_value=-0.0029082777142350508 -0.0016993823317928893 0.001989913876817866 -0.00022600702710830434 0.00055502866720909348 -0.004651241522486943 -0.012500720090119493 0.0053941088877580865 -0.0012939117079181907 0.0046071811315276344 0.0023088289979095954 -0.0068341352799158274 0.00036875761704580008 0.00094193576873436108 0.0046540608405201854 0.0045518953437230824 0.0095469914910571857 -0.00025898152369767407 0.0033040803897368661 0.0021739140096945649 0.0075133341001467338 -0.0037704876403085829 -0.0024964316373786532 -0.00023221994887142748 0.0098851423959645419 0.0037530136277899228 -0.0041769875232381144 -0.0019868844583387862 0.0059452250189076395 0.0041638347216800126 0.00054131579224471656
leaf_weight=4555.5522810220718 10398.573444604874 9098.8438383340836 2503.3857436180115 13229.217831492424 9784.2709654569626 869.24729561805725 7107.5858957767487 3004.9273369312286 4290.8644678592682 438.38599038124084 9670.5291856527328 2412.0003851652145 2303.2539649009705 11542.78834092617 1107.5019254684448 2627.6415967941284 5113.1298453807831 7263.6259585618973 4011.3759189844131 244.00270390510559 7677.9083228111267 2955.032942533493 2555.117355465889 505.57078230381012 955.26732289791107 4653.7053781747818 5444.0101488828659 819.88057017326355 1961.1069229841232 1964.2506283521652
leaf_count=2487 5649 4863 1358 7123 5371 494 3753 1636 2289 239 5366 1302 1232 6124 584 1373 2770 3880 2158 131 4209 1611 1386 267 517 2542 2972 435 1042 1059
internal_value=1.6851e-05 0.00244115 -0.00322738 0.00083802 -0.00435993 -0.00597567 0.00432917 -0.00130422 0.00191208 -0.00329371 -0.00730148 0.0014072 0.00350854 0.00423312 0.0063145 0.0080659 -0.000935826 0.00257234 0.000918081 -0.000632466 -0.00237269 -0.00279929 -0.00227911 0.00487357 0.000372574 -0.0027755 -0.00299623 0.00231686 0.00242363 -0.00128347
internal_weight=141069 80736.9 60331.7 43662.7 37970.8 15095.3 37074.2 22360.9 27195.7 22875.5 10539.8 22904.8 26231.4 16312.7 10842.7 3735.14 16467 9675.63 7260.31 3248.93 15100.6 12597.2 13091.2 12048.4 6068.4 10536.1 10097.7 9918.72 4264.36 4919.28
internal_count=76222 43203 33019 23530 20857 8347 19673 12162 14594 12510 5860 12305 13963 8665 5710 1957 8936 5182 3925 1767 8237 6879 7139 6391 3287 5753 5514 5298 2274 2670
is_linear=0
shrinkage=0.04


Tree=5
num_leaves=31
num_cat=0
split_feature=3 6 3 11 11 6 11 3 19 3 19 3 14 11 3 11 11 11 19 13 3 6 16 11 3 10 14 11 14 15
split_gain=676.598 108.413 98.7308 49.9168 45.8877 36.5086 26.2357 24.3664 42.831 23.6972 15.6947 15.3104 11.7374 10.7987 10.7139 10.4869 10.0911 9.7406 9.52821 9.48485 8.40017 7.86476 7.15345 6.40095 6.25584 6.10643 6.00952 5.94045 5.71119 5.59615
threshold=0.86375000000000013 0.17835000000000004 1.1191000000000002 0.23385000000000003 0.25215000000000004 0.24340000000000003 0.23820000000000005 0.56825000000000014 16.500000000000004 0.9668000000000001 13.500000000000002 0.37625000000000003 0.082150000000000015 0.19015000000000001 0.76330000000000009 0.20435000000000003 0.23945000000000002 0.18005000000000002 47.500000000000007 0.16020000000000004 1.2862500000000001 0.26835000000000003 0.090850000000000014 0.16335000000000002 0.30095000000000005 0.18300000000000002 0.11935000000000003 0.27290000000000009 0.12225000000000001 0.38345000000000001
decision_type=2 2 2 2 2 2 2 2 2 2 2 2 2 2 2 2 2 2 2 2 2 2 2 2 2 2 2 2 2 2
left_child=1 7 3 9 5 17 12 8 19 15 -8 -10 -4 -7 28 -2 -9 -3 25 -1 26 22 -5 -14 -21 -15 -12 -13 -6 -17
right_child=2 4 6 21 14 13 10 16 11 -11 20 27 23 18 -16 29 -18 -19 -20 24 -22 -23 -24 -25 -26 -27 -28 -29 -30 -31
leaf_value=-0.0031771117742950957 -0.0015251259313885754 -0.0046014841759664952 0.0025686700062232406 5.2136886990697101e-05 -0.0006370937996052874 -0.0019870779543969879 0.0034809207944937444 -0.0042394162116246286 -0.010547337225083157 0.001735605803282868 0.0060880696842522388 -0.0070286569256360768 0.003093153943249681 0.0056159328449277655 0.0021405283122544524 -0.0001501303273076853 -0.0019422578542820596 -0.0027148366877957019 -0.0011306012568558733 0.0076175125594973485 0.0099457274024942546 0.0042495961305044974 0.0031801477922171087 0.0054465237729147357 -0.0010141812449624616 0.00097623033024793655 0.0098177235438156683 -0.0039683510546089512 0.0031004939673395797 0.0029758444284152048
leaf_weight=3392.004217505455 7525.2397755384445 6659.7091147899628 5654.4014855623245 1516.4030973911285 7040.3494982719421 6269.7418031692505 1770.0227311849594 9119.3060966730118 1906.3822813034058 15893.315185427666 3668.3839775323868 6214.3763481378555 2469.0103923082352 516.49678683280945 4635.5333824157715 2424.7611397504807 4604.614124417305 12782.402799248695 4298.3404479026794 224.15548813343048 1925.5839241743088 9773.9774910211563 5117.2648812532425 7366.2770601511002 335.29219973087311 3742.8664541244507 851.71942925453186 1212.9554332494736 721.13167476654053 1472.9025729894638
leaf_count=1859 4092 3670 3007 810 3823 3432 930 5026 1080 8511 1919 3468 1304 279 2489 1305 2518 6991 2328 122 996 5178 2716 3889 183 2017 444 674 390 791
internal_value=1.59796e-05 -0.00263384 0.00291127 0.00178426 -0.00146652 -0.00222093 0.00499 -0.00465075 -0.00587187 0.000736804 0.00681718 -0.00734964 0.00402086 -0.000725928 0.000618939 -0.000652885 -0.00346868 -0.00336109 0.000198044 -0.00238123 0.00773333 0.00352812 0.00246511 0.00485574 0.0024443 0.00153885 0.00679085 -0.00652888 -0.000289829 0.00103116
internal_weight=141105 73675.7 67429.3 43723.9 46666.6 34269.6 23705.4 27009.1 13285.2 27316.2 8215.71 9333.71 15489.7 14827.4 12397 11422.9 13723.9 19442.1 8557.7 3951.45 6445.69 16407.6 6633.67 9835.29 559.448 4259.36 4520.1 7427.33 7761.48 3897.66
internal_count=76241 40349 35892 23403 25419 18717 12489 14930 7386 14699 4289 5222 8200 8056 6702 6188 7544 10661 4624 2164 3359 8704 3526 5193 305 2296 2363 4142 4213 2096
is_linear=0
shrinkage=0.04


Tree=6
num_leaves=31
num_cat=0
split_feature=7 3 2 11 10 11 7 19 14 3 6 11 6 3 19 3 2 11 11 7 14 3 18 14 19 13 7 13 15 4
split_gain=673.521 137.759 67.9035 46.2431 39.0674 33.0511 22.7142 44.3038 20.1188 14.652 13.4829 13.4073 13.2199 11.7743 13.3634 11.6453 11.3869 10.9137 9.88883 9.81527 10.5727 9.38114 8.40561 8.17579 7.50797 7.49964 7.31453 6.88765 6.58385 6.1584
threshold=0.23785000000000003 1.0223000000000002 0.61325000000000007 0.20435000000000003 0.24795000000000003 0.23820000000000005 0.16065000000000004 16.500000000000004 0.13675000000000001 0.37625000000000003 0.30005000000000004 0.26015000000000005 0.32010000000000005 1.1390000000000002 16.500000000000004 0.96015000000000017 0.70295000000000007 0.23785000000000003 0.18885000000000005 0.20565000000000003 0.092450000000000018 0.79825000000000013 148.50000000000003 0.10125000000000002 27.500000000000004 0.16020000000000004 0.37175000000000008 0.13685000000000003 0.46730000000000005 0.2516500000000001
decision_type=2 2 2 2 2 2 2 2 2 2 2 2 2 2 2 2 2 2 2 2 2 2 2 2 2 2 2 2 2 2
left_child=2 3 6 15 10 13 7 25 11 -9 18 27 -7 26 -15 -2 28 -8 -4 22 -21 -20 -6 29 -25 -1 -3 -5 -13 -14
right_child=1 5 4 8 19 12 17 9 -10 -11 -12 16 23 14 -16 -17 -18 -19 21 20 -22 -23 -24 24 -26 -27 -28 -29 -30 -31
leaf_value=-0.0031048579495522805 -0.0013102007231503244 0.0019553581575799143 -0.0040805057711878851 0.00063736784077069396 -0.0015130341032148528 0.004252125802962475 -0.0043850669785110317 -0.010634972092661564 0.0066690919773440818 -0.0066442984787129893 0.0015139691406934963 -0.00070753029729048655 0.0099143974025607661 0.0020471067925589359 0.0048205161885599545 0.00094797866146150236 0.0036472981997033799 -0.0019952793824982561 -0.0030709802707362282 -0.00023981257754340346 0.0034739495113561285 -0.00064369730258342136 0.0059404421556101122 0.0054254302684299018 0.0098336182491904362 0.0018988342799452587 0.0056721791828621857 0.003181538647133891 0.0065506311260265029 0.0053358377015446023
leaf_weight=3437.0507344007492 13041.408103346825 9461.5781708955765 9686.4288687705994 13131.207575798035 5070.1952863931656 5234.7992597818375 8913.0975641012192 1859.4692788124084 1376.4249252080917 7065.5265308618546 1051.5787485837936 1670.5051860809326 527.90988278388977 3820.9957902431488 10200.969479799271 5076.0663126707077 7140.5753892660141 4654.095685005188 8913.5391992330551 2949.509850025177 2099.6375081539154 3567.1705120801926 254.22558689117432 882.60267961025238 2063.5059913396835 556.92780303955078 930.46602129936218 1956.1768679618835 227.15189528465271 4287.4292110204697
leaf_count=1889 7113 5037 5353 7050 2774 2746 4930 1065 727 3972 570 897 274 2027 5364 2731 3794 2547 4899 1589 1125 1931 136 457 1061 303 490 1040 121 2229
internal_value=1.5514e-05 0.00239507 -0.00319388 0.000867675 -0.00199979 0.00417598 -0.00470833 -0.00590874 0.00196543 -0.00747573 -0.00291157 0.00169707 0.00580554 0.00330853 0.00406476 -0.000677515 0.00291538 -0.00356527 -0.00312151 4.10215e-05 0.00130452 -0.00237723 -0.00115715 0.00685325 0.008513 -0.00240713 0.00228815 0.000967236 0.000161281 0.00583779
internal_weight=141108 81029.8 60078.5 43619.5 33592.3 37410.3 26486.2 12919 25502 8925 23218.7 24125.6 12996.2 24414 14022 18117.5 9038.23 13567.2 22167.1 10373.6 5049.15 12480.7 5324.42 7761.45 2946.11 3993.98 10392 15087.4 1897.66 4815.34
internal_count=76241 43158 33083 23473 18377 19685 14706 7229 13629 5037 12753 12902 6767 12918 7391 9844 4812 7477 12183 5624 2714 6830 2910 4021 1518 2192 5527 8090 1018 2503
is_linear=0
shrinkage=0.04


Tree=7
num_leaves=31
num_cat=0
split_feature=7 3 2 10 10 10 7 19 3 19 3 13 6 14 10 6 7 14 3 14 3 18 2 19 6 19 13 20 10 3
split_gain=647.548 131.345 65.8904 37.7156 34.3728 26.3759 22.1372 43.2463 16.7212 14.4909 14.4325 13.6646 13.0118 12.4467 10.4501 9.91768 9.42734 10.1101 9.16988 8.07847 12.5939 8.04798 7.77367 7.5828 7.2461 7.23398 7.23095 6.83234 6.73051 6.66441
threshold=0.23785000000000003 1.0223000000000002 0.61325000000000007 0.24795000000000003 0.25390000000000007 0.25235000000000007 0.16065000000000004 16.500000000000004 1.1231500000000001 8.5000000000000018 0.37625000000000003 0.13520000000000001 0.30005000000000004 0.11985000000000003 0.22040000000000001 0.24505000000000002 0.20565000000000003 0.092450000000000018 0.79825000000000013 0.078350000000000017 1.2226000000000001 148.50000000000003 0.70295000000000007 55.500000000000007 0.40040000000000003 15.500000000000002 0.16020000000000004 1.0350000000000004 0.18215000000000001 0.9668000000000001
decision_type=2 2 2 2 2 2 2 2 2 2 2 2 2 2 2 2 2 2 2 2 2 2 2 2 2 2 2 2 2 2
left_child=2 4 6 12 11 8 7 26 24 -10 -9 15 18 22 -8 -2 21 -18 25 -7 23 -5 -6 -21 -3 -4 -1 -25 -13 -17
right_child=1 5 3 16 13 19 14 10 9 -11 -12 28 -14 -15 -16 29 17 -19 -20 20 -22 -23 -24 27 -26 -27 -28 -29 -30 -31
leaf_value=-0.0030527441622642676 -0.0015601806031246435 0.0018001900475676288 -0.0014285463069193059 -0.0014852483470149619 9.8673551153409297e-05 0.0040447650073916555 -0.0045319450732988356 -0.010536304385026726 0.0014307339761146657 0.0046813497824704058 -0.0065561740086433505 0.00029354059383065897 0.001481628978212271 0.0061057525769557409 -0.0023002871854047881 -0.00021106490964699652 -0.00023510601464567335 0.0033930173363074505 -0.001807522739822723 0.0033667843727988871 0.0088967453387930381 0.0057876103895803145 0.0027602798036635025 0.0072745082404326094 0.0056605588118557263 -0.0039379656091980651 0.0018575505500818389 0.0018985586697570272 0.0032056790804457784 0.0014363981629909822
leaf_weight=3426.3957015275955 6545.2922345399857 9252.3855948448181 2128.5752855539322 5062.5297092199326 2232.2316789627075 3083.4638450145721 7310.4549785852432 1839.798629283905 2592.2617613077164 14290.625452041626 7018.7368158102036 2139.2122436761856 1053.1720116138458 1484.8378949165344 6208.4623132944107 14520.402855157852 2948.8025965690613 2106.9442341327667 6504.2489751577377 1907.8616021871567 2358.8187983036041 255.74029183387756 8225.0058999061584 2794.6135357618332 849.39761698246002 13465.242552757263 557.98631024360657 437.46037650108337 3124.5270773172379 5385.9633972644806
leaf_count=1889 3549 4905 1171 2774 1199 1605 4064 1065 1372 7471 3972 1157 570 780 3413 7869 1589 1125 3548 992 1209 136 4369 1456 447 7464 303 228 1664 2886
internal_value=1.50595e-05 0.00234175 -0.00314061 -0.00196407 0.000849651 0.00407575 -0.00463685 -0.0058261 0.00341203 0.00418224 -0.00738279 0.000160931 -0.00286216 0.00267873 -0.00350707 -0.000209446 4.01608e-05 0.00127689 -0.00306918 0.00576827 0.00647696 -0.00113552 0.00219213 0.00536648 0.00212479 -0.00359543 -0.00236509 0.00654687 0.00202217 0.000234681
internal_weight=141111 81224.4 59887.1 33525.3 43657.5 37566.9 26361.8 12842.9 26984.7 16882.9 8858.54 31715.4 23151.2 11942.1 13518.9 26451.7 10374 5055.75 22098.1 10582.2 7498.75 5318.27 10457.2 5139.94 10101.8 15593.8 3984.38 3232.07 5263.74 19906.4
internal_count=76241 43158 33083 18377 23473 19685 14706 7229 14195 8843 5037 17125 12753 6348 7477 14304 5624 2714 12183 5490 3885 2910 5568 2676 5352 8635 2192 1684 2821 10755
is_linear=0
shrinkage=0.04


Tree=8
num_leaves=31
num_cat=0
split_feature=7 3 2 11 10 11 7 19 14 3 6 11 6 3 3 19 2 11 11 7 14 3 18 14 15 19 7 13 15 19
split_gain=622.578 125.251 63.9267 43.3628 36.4074 30.2703 21.5702 42.2566 18.5861 14.6999 12.5563 12.3794 12.2566 10.9515 10.6647 12.2284 10.5219 10.4005 9.64355 9.0548 9.66889 8.84553 7.70637 7.45107 7.20186 6.98963 6.81603 6.28429 6.24737 6.07371
threshold=0.23785000000000003 1.0223000000000002 0.61325000000000007 0.20435000000000003 0.24795000000000003 0.23820000000000005 0.16065000000000004 18.500000000000004 0.13675000000000001 0.37625000000000003 0.30005000000000004 0.26015000000000005 0.32010000000000005 0.96015000000000017 1.1390000000000002 16.500000000000004 0.70295000000000007 0.23785000000000003 0.18885000000000005 0.20565000000000003 0.092450000000000018 0.79825000000000013 148.50000000000003 0.10125000000000002 0.6121000000000002 27.500000000000004 0.37175000000000008 0.13685000000000003 0.46730000000000005 45.500000000000007
decision_type=2 2 2 2 2 2 2 2 2 2 2 2 2 2 2 2 2 2 2 2 2 2 2 2 2 2 2 2 2 2
left_child=2 3 6 13 10 14 7 24 11 -9 18 27 -7 -2 26 -16 28 -8 -4 22 -21 -20 -6 -14 -1 -25 -3 -5 -13 -12
right_child=1 5 4 8 19 12 17 9 -10 -11 29 16 23 -15 15 -17 -18 -19 21 20 -22 -23 -24 25 -26 -27 -28 -29 -30 -31
leaf_value=-0.0029839161012439213 -0.0012807635859323557 0.0018591951548396852 -0.0039682853778494941 0.00061644857495271957 -0.001457931913486869 0.0040382301660226699 -0.0042543081758393535 -0.010640377793877293 0.0063880238296771313 -0.0065280107974198818 0.0047087840990188631 -0.0006975111501585535 0.0055646130919605212 0.00090808765674211883 0.0019393929691800484 0.0045841950431352385 0.0035002685582102458 -0.0019145590912093213 -0.0029578321982883893 -0.00023049076166384752 0.0033142416578222063 -0.00059652781719530406 0.0056395810737051169 0.0051377353279094583 0.0030688606916597022 0.009363925140618394 0.0054309527508316722 0.003039963249189777 0.0063491989007439841 -0.0013773200559402735
leaf_weight=3931.3969299793243 13020.748771429062 9503.4631968736649 9618.0421748161316 13144.620654344559 5055.0161454677582 5281.6454445123672 8838.4316974878311 1752.1348913908005 1391.1619931459427 6742.9544062614441 489.98468959331512 1669.6319111585617 4867.0708249807358 5085.8147181272507 3839.8728835582733 10299.576410770416 7185.5116572380066 4633.1651245355606 8853.8813461065292 2948.1093777418137 2114.1052728891373 3558.4373071193695 257.22470879554749 892.75902092456818 341.87627124786377 2096.6672132015228 939.33965635299683 1968.2688368558884 228.8974574804306 564.74888300895691
leaf_count=2177 7113 5037 5353 7050 2774 2746 4930 1025 727 3841 262 897 2503 2731 2027 5364 3794 2547 4899 1589 1125 1931 136 457 186 1061 490 1040 121 308
internal_value=1.46217e-05 0.00228974 -0.00308806 0.000832025 -0.00192892 0.00397833 -0.00456613 -0.00574414 0.00189202 -0.0073762 -0.00281345 0.00163353 0.00552831 -0.000665954 0.00314994 0.00386594 0.00280051 -0.00344962 -0.00301757 3.93191e-05 0.00124988 -0.00228088 -0.00111426 0.00653003 -0.00249967 0.00810182 0.00218048 0.000932082 0.00015208 0.00145003
internal_weight=141115 81415.1 59699.5 43694.7 33459.5 37720.4 26240 12768.4 25588.1 8495.09 23085.1 24196.9 13138.1 18106.6 24582.3 14139.4 9084.04 13471.6 22030.4 10374.5 5062.21 12412.3 5312.24 7856.5 4273.27 2989.43 10442.8 15112.9 1898.53 1054.73
internal_count=76241 43158 33083 23473 18377 19685 14706 7229 13629 4866 12753 12902 6767 9844 12918 7391 4812 7477 12183 5624 2714 6830 2910 4021 2363 1518 5527 8090 1018 570
is_linear=0
shrinkage=0.04


Tree=9
num_leaves=31
num_cat=0
split_feature=7 3 2 10 10 10 7 19 3 3 19 13 6 14 10 7 7 14 3 3 14 3 18 19 2 19 15 6 10 16
split_gain=598.571 119.461 62.0115 35.1419 31.6498 24.0001 21.0133 41.2409 15.3263 14.4766 13.3332 12.7624 12.1154 11.4785 9.96079 9.68481 8.69705 9.24784 8.69168 7.85778 7.50781 11.5747 7.38001 7.16757 7.12587 7.04598 6.93536 6.74888 6.17754 5.88686
threshold=0.23785000000000003 1.0223000000000002 0.61325000000000007 0.24795000000000003 0.25390000000000007 0.25235000000000007 0.16065000000000004 18.500000000000004 1.1231500000000001 0.37625000000000003 8.5000000000000018 0.13520000000000001 0.30005000000000004 0.11985000000000003 0.22040000000000001 0.26605000000000006 0.20565000000000003 0.092450000000000018 0.79825000000000013 0.88690000000000013 0.078350000000000017 1.2226000000000001 148.50000000000003 58.500000000000007 0.70295000000000007 15.500000000000002 0.6121000000000002 0.40040000000000003 0.18215000000000001 0.14085000000000003
decision_type=2 2 2 2 2 2 2 2 2 2 2 2 2 2 2 2 2 2 2 2 2 2 2 2 2 2 2 2 2 2
left_child=2 4 6 12 11 8 7 26 27 -9 -10 15 18 24 -8 19 22 -18 25 -2 -7 23 -5 -22 -6 -4 -1 -3 -13 -25
right_child=1 5 3 16 13 20 14 9 10 -11 -12 28 -14 -15 -16 -17 17 -19 -20 -21 21 -23 -24 29 -26 -27 -28 -29 -30 -31
leaf_value=-0.0029334738778597404 -0.0020569913067482975 0.0017081089851547591 -0.0013379221793683787 -0.0014310784278885017 9.1739488542035789e-05 0.0038334828056142125 -0.0043988321518300252 -0.01054171757908009 0.0013499545947199387 -0.0064406725595418622 0.0044608616005104408 0.00029027754667677305 0.0014190463206096042 0.0058370445605613322 -0.002212783987985501 0.00042496495303035505 -0.00022596501722887865 0.0032375524588789287 -0.0017364889101255138 0.00014032814908299687 0.0032533521324722343 0.0084675502008021569 0.0054961596388702107 0.0038681039051586597 0.0026382180505086748 -0.0038210085875035257 0.0029985926802446965 0.0054166683337665963 0.0030769230779627735 0.0075244689899155153
leaf_weight=3919.6835783720016 6204.5034681558609 9291.8807121515274 2118.1626037359238 5047.6516426801682 2233.0073310136795 3110.9561220407486 7247.5294811725616 1733.5903096199036 2602.132919549942 6699.0795753002167 14420.163313508034 2139.558585524559 1056.2689464092255 1500.3624416589737 6177.6838377714157 15754.833354473114 2947.4299675226212 2121.1235375404358 6478.7608088254929 4487.1608556509018 2033.1565283536911 2394.5533236265182 258.67944312095642 1060.1935393810272 8269.6230081319809 13367.074353814125 342.92705583572388 857.5922087430954 3142.0639352798462 2100.19897544384
leaf_count=2177 3378 4905 1171 2774 1199 1605 4064 1025 1372 3841 7471 1157 570 780 3413 8507 1589 1125 3548 2419 1048 1209 136 546 4369 7464 186 447 1664 1082
internal_value=1.41955e-05 0.002239 -0.00303624 -0.00189434 0.000814772 0.00388363 -0.00449617 -0.00566286 0.00325176 -0.00728377 0.00398531 0.000152901 -0.00276543 0.00256433 -0.00339291 -0.000205611 3.84959e-05 0.00122347 -0.00296667 -0.0011348 0.00548835 0.00616681 -0.00109338 0.00510603 0.0020968 -0.00348136 -0.00245624 0.00202147 0.00194807 0.0062979
internal_weight=141118 81601.9 59515.6 33395.2 43731.1 37870.8 26120.5 12695.3 27171.8 8432.67 17022.3 31728.1 23020.3 12003 13425.2 26446.5 10374.9 5068.55 21964 10691.7 10699.1 7588.1 5306.33 5193.55 10502.6 15485.2 4262.61 10149.5 5281.62 3160.39
internal_count=76241 43158 33083 18377 23473 19685 14706 7229 14195 4866 8843 17125 12753 6348 7477 14304 5624 2714 12183 5797 5490 3885 2910 2676 5568 8635 2363 5352 2821 1628
is_linear=0
shrinkage=0.04


Tree=10
num_leaves=31
num_cat=0
split_feature=3 7 3 19 11 11 3 11 11 7 11 7 16 19 6 14 2 3 14 11 6 16 15 3 5 2 3 3 6 15
split_gain=551.743 100.434 85.2477 45.3786 44.2093 39.3272 37.6426 21.5704 15.9268 15.7198 14.8846 14.0811 12.862 11.7959 11.2593 10.9772 9.50539 8.56486 8.40248 7.66842 7.63014 7.40731 7.30327 6.95309 6.70895 6.58394 6.61215 6.56912 6.41629 6.20943
threshold=0.85550000000000015 0.19395000000000004 1.0912500000000003 10.500000000000002 0.20605000000000004 0.19015000000000001 0.49835000000000002 0.23820000000000005 0.24835000000000004 0.26345000000000007 0.26015000000000005 0.23065000000000002 0.092150000000000024 10.500000000000002 0.28755000000000003 0.082150000000000015 0.26970000000000005 1.2509500000000002 0.13675000000000001 0.25815000000000005 0.29595000000000005 0.20350000000000004 0.28390000000000004 0.59390000000000009 0.30880000000000007 0.70295000000000007 0.65395000000000014 1.0478000000000003 0.50040000000000007 0.46585000000000004
decision_type=2 2 2 2 2 2 2 2 2 2 2 2 2 2 2 2 2 2 2 2 2 2 2 2 2 2 2 2 2 2
left_child=1 3 4 14 9 24 16 15 23 -2 11 -7 20 -9 21 -4 -5 -15 19 27 -6 -1 -11 -8 -3 -12 -27 -14 -17 -13
right_child=2 5 7 6 12 10 8 13 -10 22 25 29 18 17 -16 28 -18 -19 -20 -21 -22 -23 -24 -25 -26 26 -28 -29 -30 -31
leaf_value=-0.0024309062757316021 -0.0017510833614897713 -0.0034756655574572611 0.0020702357099732184 -0.010630593554630138 -0.0002790297236094371 -0.0020438935028748869 -0.0059131867293694745 0.0026265603125421879 -0.002135949013124448 -0.00060535755359075586 -0.00015138653610776819 -0.00019066196846079811 0.0016011864649167471 0.0054296248213794298 0.00411066215804107 0.0039620570155815323 -0.0067307245240526125 0.0081790668422054916 0.005832689188197281 0.0038177947032430053 0.0024191912864519271 0.0011590361676220144 0.0014799559561471214 -0.0040297283592747642 -0.0011081226729983526 0.0091835012852030957 0.0017480618875207487 0.0044436763917108883 0.0093893512908500253 0.0031593603136389819
leaf_weight=3792.914248585701 6298.4722679853439 9985.509516119957 6424.8318734169006 1213.0640326738358 3596.7434810400009 9230.3279166221619 4854.401927113533 1629.1705194711685 5424.351988196373 4199.8011604547501 3926.5370932817459 7992.7818104028702 8225.6371445655823 5378.5553809404373 630.68128383159637 11295.475372314453 5692.6657320261002 2734.4230089187622 1561.3263425827026 6572.3001778125763 3141.4641655683517 1213.9404339790344 7460.8655452728271 8859.5934154987335 2369.464878320694 199.67698061466217 4593.8560094833374 1545.2282526493073 359.62414312362671 995.53604793548584
leaf_count=2103 3433 5563 3361 718 1914 5098 2771 838 3025 2258 2127 4318 4373 2742 333 5852 3276 1367 809 3426 1654 665 3993 4985 1307 107 2452 808 185 532
internal_value=-1.52124e-05 -0.00250413 0.0024932 -0.00417987 0.00136854 -0.00115303 -0.00488419 0.0042153 -0.00397071 -0.000140863 -0.000296035 -0.000946529 0.00246856 0.00573258 -0.000926061 0.00339774 -0.00741578 0.00635631 0.00302917 0.00276134 0.000978926 -0.0015605 0.000728892 -0.00469642 -0.00302161 0.00106303 0.00205779 0.00205072 0.00412952 0.000180383
internal_weight=141399 70975.3 70423.9 31681.6 42601.8 39293.7 26044.1 27822.1 19138.3 17959.1 26938.7 18218.6 24642.7 9742.15 5637.54 18079.9 6905.73 8112.98 17904.5 16343.2 6738.21 5006.85 11660.7 13714 12355 8720.07 4793.53 9770.87 11655.1 8988.32
internal_count=76393 39380 37013 17876 22668 21504 14775 14345 10781 9684 14634 9948 12984 4947 3101 9398 3994 4109 9416 8607 3568 2768 6251 7756 6870 4686 2559 5181 6037 4850
is_linear=0
shrinkage=0.04


Tree=11
num_leaves=31
num_cat=0
split_feature=3 7 3 19 11 11 3 11 11 7 11 7 16 19 2 14 2 3 14 6 11 15 3 5 2 3 3 16 6 15
split_gain=530.059 97.2542 81.2264 44.0361 42.3114 37.9516 36.7626 20.4426 15.4686 15.1193 14.3016 13.5657 12.2752 11.1653 10.9436 10.4432 9.36319 8.6738 7.97727 7.30688 7.30267 7.00465 6.77931 6.49485 6.30584 6.2686 6.25904 6.176 6.05523 5.94609
threshold=0.85550000000000015 0.19395000000000004 1.0912500000000003 10.500000000000002 0.20605000000000004 0.19015000000000001 0.49835000000000002 0.23820000000000005 0.24835000000000004 0.26345000000000007 0.26015000000000005 0.23065000000000002 0.092150000000000024 13.500000000000002 0.76695000000000013 0.082150000000000015 0.26970000000000005 1.2862500000000001 0.13675000000000001 0.29595000000000005 0.25815000000000005 0.28390000000000004 0.59390000000000009 0.30880000000000007 0.70295000000000007 0.65395000000000014 1.0478000000000003 0.24035000000000004 0.50040000000000007 0.46585000000000004
decision_type=2 2 2 2 2 2 2 2 2 2 2 2 2 2 2 2 2 2 2 2 2 2 2 2 2 2 2 2 2 2
left_child=1 3 4 14 9 23 16 15 22 -2 11 -7 19 -9 27 -4 -5 -15 20 -6 26 -11 -8 -3 -12 -26 -14 -1 -17 -13
right_child=2 5 7 6 12 10 8 13 -10 21 24 29 18 17 -16 28 -18 -19 -20 -21 -22 -23 -24 -25 25 -27 -28 -29 -30 -31
leaf_value=-0.0025255200008803703 -0.0017193393659336298 -0.0034186080854000352 0.0020248747953153005 -0.010531919530186616 -0.0002735642774104901 -0.002007435058197663 -0.0058304522328407916 0.002883558048875497 -0.0020980435367061838 -0.00059369597244424241 -0.0001484022159172286 -0.00018691078715400014 0.001566845137728862 0.0054815346032218819 0.0025990198319767476 0.0038678458843411701 -0.0066420339154822025 0.0085320141464087038 0.0056832481334925756 0.0023653505328830784 0.0037275570756360251 0.0014483920878093387 -0.0039657941647788884 -0.001087327812700772 0.0089179700034201885 0.0017103167448147903 0.0043359032261226687 0.0012130983272756687 0.0091159722585080968 0.0030867379296550942
leaf_weight=3617.5101214647293 6287.4527902603149 9950.8634426593781 6438.1466153860092 1200.2367712259293 3595.7400287389755 9211.4813346862793 4825.7816298007965 1957.1837258338928 5412.7781993150711 4197.2595448493958 3925.9427251815796 7991.2580497264862 8238.8184579610825 5837.8501011133194 1136.1191906929016 11340.317419171333 5654.4786410331726 2003.1394959688187 1570.4596796035767 3149.073185801506 6597.4398280382156 7471.9154789447784 8823.9635185003281 2366.8406697511673 201.51916229724884 4601.8933975696564 1552.1100311279297 878.70333635807037 363.01668334007263 998.68628013134003
leaf_count=2011 3433 5563 3361 718 1914 5098 2771 1002 3025 2258 2127 4318 4373 2954 610 5852 3276 991 809 1654 3426 3993 4985 1307 107 2452 808 480 185 532
internal_value=-1.5038e-05 -0.00246067 0.00243746 -0.00411423 0.00133945 -0.00113148 -0.00481088 0.00411398 -0.0039075 -0.000138105 -0.00029027 -0.000928632 0.00241347 0.00558623 -0.000908566 0.00331882 -0.00732314 0.00626084 0.0029599 0.000958514 0.00269893 0.000713878 -0.00462503 -0.00297065 0.00104077 0.0020127 0.00200581 -0.00179487 0.00403063 0.000176756
internal_weight=141398 70798.1 70599.9 31549.6 42660.3 39248.5 25917.2 27939.7 19062.5 17956.6 26930.8 18201.4 24703.6 9798.17 5632.33 18141.5 6854.72 7840.99 17958.8 6744.81 16388.4 11669.2 13649.7 12317.7 8729.36 4803.41 9790.93 4496.21 11703.3 8989.94
internal_count=76393 39380 37013 17876 22668 21504 14775 14345 10781 9684 14634 9948 12984 4947 3101 9398 3994 3945 9416 3568 8607 6251 7756 6870 4686 2559 5181 2491 6037 4850
is_linear=0
shrinkage=0.04


Tree=12
num_leaves=31
num_cat=0
split_feature=7 2 2 11 11 7 19 11 11 15 2 7 7 7 11 7 14 19 19 11 9 11 10 7 2 7 15 16 18 14
split_gain=509.678 88.7997 67.8998 39.7607 30.3618 28.2951 33.8857 23.9744 20.501 17.8752 14.4445 13.5494 13.4422 12.179 9.9801 9.46123 8.57824 8.52564 8.35869 8.17412 7.7828 8.03528 7.61205 7.49104 7.35041 7.17158 8.03516 7.12461 6.82962 6.76838
threshold=0.23705000000000001 1.0513000000000001 0.71010000000000006 0.19885000000000003 0.24645000000000003 0.16245000000000001 16.500000000000004 0.23820000000000005 0.26765000000000005 0.46950000000000003 0.75735000000000008 0.26515000000000005 0.10925000000000001 0.33295000000000002 0.26015000000000005 0.28765000000000007 0.075050000000000019 9.5000000000000018 16.500000000000004 0.18295000000000003 3.6125000000000003 0.27035000000000003 0.19520000000000001 0.20375000000000001 0.066650000000000015 0.28315000000000007 0.25085000000000007 0.17380000000000004 1.0000000180025095e-35 0.072050000000000017
decision_type=2 2 2 2 2 2 2 2 2 2 2 2 2 2 2 2 2 2 2 2 2 2 2 2 2 2 2 2 2 2
left_child=2 3 5 11 18 6 24 15 22 10 -5 -2 -8 -9 25 -3 -17 -15 27 -14 28 -22 -7 -20 -1 -12 -27 -4 -11 -13
right_child=1 7 4 9 -6 8 12 13 -10 20 14 29 19 17 -16 16 -18 -19 23 -21 21 -23 -24 -25 -26 26 -28 -29 -30 -31
leaf_value=0.0015650846598856802 -0.0020219983271102895 0.001080921139075509 -0.0016644698839961734 -9.2025602892594816e-05 0.0010965529251366797 -0.0045054134822101032 -0.0098630429402174966 0.0037587107518508335 -0.00050561011012017066 0.011114655791928597 0.00023918141893777359 -0.00094034951553323453 -0.0081044233808839124 0.0030543893605521283 0.0032258131562101669 0.0018821097993829234 0.0038236574582950836 0.0070694401367659429 -0.0037761786492106859 -0.0052108851583773288 0.00075454729261780016 0.0060724528869272182 -0.0028550412782597265 -0.0017616544038142562 -0.0030714586456857553 0.00025074941822101417 0.0031964989935883933 0.0027757720946154224 0.0047138959827981511 0.00098601654522289389
leaf_weight=636.53554701805115 6311.1590342521667 4006.8117147684097 1525.3633705377579 7463.310674905777 6879.7824615240097 8222.4255037307739 1671.9383102655411 5550.7288933992386 4202.9564924240112 298.27554249763489 5523.6653659343719 4703.2556241750717 2081.8116391897202 1024.5310846567154 6704.4259076118469 5213.0273226499557 12074.098021864891 4860.9778981208801 4788.8904711008072 6256.9411319494247 1627.7071474790573 630.78675270080566 9802.2321358919144 7705.3290219306946 3892.3404531478882 2247.1729702949524 4348.6724358797073 931.12895536422729 2521.0246676206589 7689.4193414449692
leaf_count=351 3464 2136 835 3996 3709 4662 1010 2836 2308 155 2950 2555 1218 524 3481 2728 6226 2418 2704 3640 851 324 5483 4260 2172 1189 2281 510 1313 4104
internal_value=-1.4862e-05 0.00200544 -0.00286956 0.000946322 -0.0011025 -0.00391876 -0.00529076 0.00362562 -0.0030213 0.00181678 0.00139709 -0.000513369 -0.0065896 0.00510284 0.00198749 0.00283225 0.00323817 0.00637051 -0.00211442 -0.00593327 0.00398947 0.00223981 -0.0036079 -0.0025338 -0.00241979 0.00130246 0.0021929 1.85958e-05 0.00539108 0.000254924
internal_weight=141397 82799.1 58597.7 50068.9 21830.5 36767.2 14539.6 32730.2 22227.6 31365 26287.2 18703.8 10010.7 11436.2 18823.9 21293.9 17287.1 5885.51 14950.7 8338.75 5077.79 2258.49 18024.7 12494.2 4528.88 12119.5 6595.85 2456.49 2819.3 12392.7
internal_count=76393 43531 32862 26663 12018 20844 8391 16868 12453 16540 13897 10123 5868 5778 9901 11090 8954 2942 8309 4858 2643 1175 10145 6964 2523 6420 3470 1345 1468 6659
is_linear=0
shrinkage=0.04


Tree=13
num_leaves=31
num_cat=0
split_feature=7 2 2 10 7 19 10 7 10 10 14 16 7 7 14 19 14 16 9 14 18 12 2 7 6 10 12 7 8 7
split_gain=490.072 84.7404 65.7526 29.5498 27.5217 33.0272 26.3113 19.6668 18.6464 17.9842 15.5604 13.3923 13.3128 13.2092 10.8473 8.59756 7.41591 7.17712 7.42271 6.54001 9.82929 6.49661 8.19377 5.89399 5.7065 5.62332 6.11917 6.18904 5.56302 5.3073
threshold=0.23705000000000001 1.0513000000000001 0.71010000000000006 0.26105000000000006 0.16245000000000001 16.500000000000004 0.24595000000000003 0.28405000000000008 0.24915000000000001 0.27460000000000007 0.076450000000000004 0.18415000000000001 0.29045000000000004 0.10925000000000001 0.083350000000000021 16.500000000000004 0.11735000000000002 0.32415000000000005 1.8660500000000002 0.092450000000000018 4.5000000000000009 0.16035000000000002 1.4409500000000002 0.20375000000000001 0.30005000000000004 0.15020000000000003 0.23195000000000002 0.37175000000000008 3.5500000000000003 0.19745000000000004
decision_type=2 2 2 2 2 2 2 2 2 2 2 2 2 2 2 2 2 2 2 2 2 2 2 2 2 2 2 2 2 2
left_child=2 3 4 7 5 17 15 16 -6 12 -9 -5 -3 -7 -11 24 -2 18 -1 20 -8 -14 -23 -17 -4 -12 27 -27 -21 -30
right_child=1 9 6 11 8 13 19 10 -10 14 25 -13 21 -15 -16 23 -18 -19 -20 28 -22 22 -24 -25 -26 26 -28 -29 29 -31
leaf_value=0.0046996259382316927 -0.00079973148882305303 0.0013125765288250727 -0.00075942820619276103 0.0017171598424093688 -0.0037409822079640365 -0.0097639210253387537 -0.0007102672692397145 -2.2306087435582737e-05 -0.001223371626327607 0.0033275740293122352 0.00039460758060446143 0.004552435084837326 0.00086559710396653044 -0.0058503855305221987 0.0068021347043149185 -0.0035907045538535027 0.0014446314227328466 0.0027238331566583661 -0.0032566917375811233 0.0053067971490265197 0.0064781350539809069 0.0033513961138550465 0.0054904887598850672 -0.0017862352327474348 0.0044029218680782991 0.0029551817289538798 0.00085521586437280054 0.0069541622678900485 -0.0014909493203160546 0.0026518622750525823
leaf_weight=197.04403138160706 17121.5625 5372.1222451925278 2072.8660577535629 8086.9033753871918 15377.334640026093 1655.5289407968521 3775.8812149763107 7791.9043245315552 6783.2470557689667 2304.3435690402985 1933.061595916748 3976.106139421463 1360.4123411178589 8289.4297841787338 3822.1605064868927 4741.6816741228104 2731.3629109859467 401.99678552150726 3918.8953369855881 750.0930849313736 331.03598642349243 16523.935764431953 3466.1332916021347 7441.4274196624756 410.44518911838531 5775.9913008213043 2005.924326300621 693.5750298500061 724.9980651140213 1558.0534032583237
leaf_count=108 9264 2841 1143 4240 8705 1010 2048 4177 3748 1168 1027 2047 707 4858 1910 2687 1457 218 2197 402 174 8482 1760 4125 217 3037 1053 361 400 822
internal_value=-1.4684e-05 0.00196156 -0.00282079 0.000926592 -0.00385619 -0.00521351 -0.00108184 0.000379729 -0.00297035 0.00354057 0.00132946 0.0026517 0.00309243 -0.00650187 0.00549526 -0.00205129 -0.000490952 -0.00237755 -0.0028758 0.000909517 -0.00013085 0.00354028 0.0037223 -0.00248854 9.38123e-05 0.00234141 0.00278542 0.0033839 0.00231819 0.00133629
internal_weight=141395 82965.5 58430 50116.4 36623.5 14462.9 21806.5 38053.4 22160.6 32849.1 18200.5 12063 26722.6 9944.96 6126.5 14666.4 19852.9 4517.94 4115.94 7140.06 4106.92 21350.5 19990.1 12183.1 2483.31 10408.6 8475.49 6469.57 3033.14 2283.05
internal_count=76393 43531 32862 26663 20844 8391 12018 20376 12453 16868 9655 6287 13790 5868 3078 8172 10721 2523 2305 3846 2222 10949 10242 6812 1360 5478 4451 3398 1624 1222
is_linear=0
shrinkage=0.04


Tree=14
num_leaves=31
num_cat=0
split_feature=3 7 3 19 11 11 3 11 11 3 11 7 16 19 6 14 2 16 14 3 6 11 3 14 5 11 19 6 15 2
split_gain=473.109 88.5205 71.3536 40.9455 38.3333 35.274 34.6078 17.9149 14.3221 13.7369 12.7552 12.1303 11.3237 10.1361 10.0998 9.45406 9.10366 7.35673 7.27537 7.20959 6.66879 6.61904 6.40141 6.18247 6.0424 5.98005 5.84394 5.77186 7.31475 5.77091
threshold=0.85550000000000015 0.19395000000000004 1.0912500000000003 10.500000000000002 0.20605000000000004 0.19015000000000001 0.49835000000000002 0.23820000000000005 0.24835000000000004 0.97630000000000006 0.25455000000000005 0.23065000000000002 0.092150000000000024 10.500000000000002 0.30005000000000004 0.082150000000000015 0.26970000000000005 0.18415000000000001 0.13675000000000001 1.2509500000000002 0.29595000000000005 0.29675000000000007 0.59390000000000009 0.077450000000000005 0.30880000000000007 0.25525000000000003 47.500000000000007 0.18675000000000003 0.47020000000000001 0.70295000000000007
decision_type=2 2 2 2 2 2 2 2 2 2 2 2 2 2 2 2 2 2 2 2 2 2 2 2 2 2 2 2 2 2
left_child=1 3 4 14 9 24 16 15 22 23 11 -7 20 -9 17 -4 -5 25 21 -15 -6 26 -8 -2 -3 -1 -14 -13 -29 -12
right_child=2 5 7 6 12 10 8 13 -10 -11 29 27 18 19 -16 -17 -18 -19 -20 -21 -22 -23 -24 -25 -26 -27 -28 28 -30 -31
leaf_value=-0.0033651686647221662 -0.0026409761204863051 -0.0032892021209547546 0.0018770197601103628 -0.010282248063202151 -0.00029857504157563999 -0.0019769765291987201 -0.0056089308698653185 0.0023500900787640474 -0.0019860002311295889 0.00097034341560811187 -0.00018621362181481715 -0.0034654818287732955 0.0011187911796308495 0.0049393795593751597 0.0044464765717486992 0.0037776645134151303 -0.0063984398493541969 0.00094842974002982581 0.0053819551083998593 0.007431202782504677 0.0022172485958720082 0.0044221380197439174 -0.0037841285760669653 -0.00046503319825002643 -0.001036430548034178 0.00033454774278397157 0.0028223950199722093 5.0495534888373709e-05 0.0041621687580046477 0.0017676047408378569
leaf_weight=2611.187087059021 3249.2499508857727 9873.1703796386719 6481.931947350502 1168.9602640867233 3600.3366570472717 8638.9486985206604 4750.7866126298904 1649.4472452402115 5378.8546351194382 8866.3803215026855 4394.9345768690109 651.30170440673828 5049.9939502477646 5484.8664487600327 524.88928151130676 11828.564508199692 5552.1837685108185 1520.2883169651031 1589.2024689912796 2809.3453725576401 3170.194984793663 2549.6642854213715 8724.2692946195602 5852.035413146019 2360.4420917034149 954.55186116695404 8898.9560041427612 7062.4009050130844 767.5152587890625 5379.3125177621841
leaf_count=1462 1785 5563 3361 718 1914 4816 2771 838 3025 4708 2386 356 2645 2742 274 6037 3276 835 809 1367 1654 1309 4985 3191 1307 530 4653 3815 405 2856
internal_value=-1.45028e-05 -0.00234087 0.00228679 -0.00393061 0.0012574 -0.00107381 -0.00460949 0.00384708 -0.00373095 -0.000150223 -0.000263803 -0.000922008 0.00227482 0.00521388 -0.000836218 0.00310483 -0.00707392 -0.0013814 0.00279714 0.00578339 0.00087942 0.00254817 -0.00442748 -0.00124187 -0.00285454 -0.00237475 0.00220563 0.000152581 0.000453536 0.000889081
internal_weight=141394 70314 71080.2 31186 42826 39128 25575.1 28254.2 18853.9 17967.7 26894.4 17120.2 24858.3 9943.66 5610.92 18310.5 6721.14 5086.03 18087.8 8294.21 6770.53 16498.6 13475.1 9101.29 12233.6 3565.74 13948.9 8481.22 7829.92 9774.25
internal_count=76393 39380 37013 17876 22668 21504 14775 14345 10781 9684 14634 9392 12984 4947 3101 9398 3994 2827 9416 4109 3568 8607 7756 4976 6870 1992 7298 4576 4220 5242
is_linear=0
shrinkage=0.04


Tree=15
num_leaves=31
num_cat=0
split_feature=7 3 2 11 11 11 15 7 19 3 11 3 19 14 16 14 2 7 11 6 19 14 11 6 19 7 19 11 3 16
split_gain=467.261 107.79 48.4245 36.0305 29.2011 25.16 19.1373 18.0981 35.4246 13.4452 12.2711 11.9511 11.7649 11.5625 10.6021 10.5311 10.4119 10.248 9.6081 8.79081 8.35179 8.30503 8.24709 7.55432 7.24876 7.06059 6.22123 5.45375 5.5307 5.39799
threshold=0.23155000000000003 1.01875 0.60555000000000014 0.20435000000000003 0.19825000000000001 0.23820000000000005 0.40690000000000009 0.16065000000000004 16.500000000000004 0.30095000000000005 0.21060000000000004 0.79500000000000015 16.500000000000004 0.075850000000000015 0.39085000000000009 0.097250000000000017 0.70295000000000007 0.30325000000000008 0.28875000000000006 0.31710000000000005 45.500000000000007 0.10125000000000002 0.29920000000000008 0.24085000000000004 16.500000000000004 0.36965000000000003 23.500000000000004 0.18225000000000002 0.48665000000000008 0.15530000000000002
decision_type=2 2 2 2 2 2 2 2 2 2 2 2 2 2 2 2 2 2 2 2 2 2 2 2 2 2 2 2 2 2
left_child=2 3 7 13 24 15 16 8 -1 -10 -9 12 29 23 -8 25 -5 -17 -14 -7 -19 -21 -18 -2 -4 -3 -27 -11 -29 -6
right_child=1 5 4 6 11 19 14 10 9 27 -12 -13 18 -15 -16 17 22 20 -20 21 -22 -23 -24 -25 -26 26 -28 28 -30 -31
leaf_value=-0.00210836224009063 -0.0040820933243287099 0.0012666694899784068 -0.0012162332434397091 -0.00084559836952916012 -0.00037734117942469863 0.003493969251054455 0.0027854343382685037 -0.0044974187892476633 -0.01177121934152273 -0.0081020080424034305 -0.0019852997425535532 0.00086819729606345199 -0.0025138103165001091 0.00010056653887142301 0.0086562697273006098 0.001563891323651396 0.00095287698947652856 0.0028041099400644659 0.00052778013760810822 0.0045784914633003734 0.0053362920876940728 0.0071460504314480103 0.0035465847471730133 -0.0012216294061228147 -0.0039334684777189276 0.0017169009825035201 0.0046411335208093752 -0.006800621353965604 -0.0043336978912043682 0.0034273830247029246
leaf_weight=3897.482715845108 1903.5164754390717 9243.6935948133469 1911.281063914299 4534.6957995891571 1629.88219165802 5343.0646955966949 7112.0619782209396 5622.8060278892517 766.17053806781769 1856.9212025403976 6964.9411171674728 4879.5053870677948 9443.4443843364716 11037.879956007004 528.75765192508698 3085.782591342926 13564.377268075943 3638.6862127780914 2016.5569214820862 5254.9098448753357 4877.8350279331207 3269.965096950531 2293.0374594926834 6595.9356490373611 8818.6124355792999 2331.7548454999924 2324.4666748046875 3019.2630046606064 2804.9454119205475 941.14433944225311
leaf_count=2189 1057 4804 1063 2444 891 2705 3716 3233 487 1113 3911 2628 5300 6011 271 1612 7179 1853 1103 2612 2476 1595 1190 3616 5027 1210 1182 1813 1655 511
internal_value=2.55909e-05 0.00184663 -0.00287551 0.000565317 -0.0017827 0.00339481 0.00148434 -0.00417467 -0.00526291 -0.00671838 -0.00310744 -0.000836979 -0.00142998 -0.000753331 0.00319171 0.00264914 0.000844596 0.00353884 -0.0019786 0.00476606 0.00425442 0.00556335 0.00132794 -0.00186225 -0.00344946 0.0019065 0.00317673 -0.00621438 -0.00561255 0.00101541
internal_weight=141513 86940.4 54573 47570.3 29640.4 39370.2 28032.9 24932.5 12344.8 8447.3 12587.7 18910.5 14031 19537.3 7640.82 25502.2 20392.1 11602.3 11460 13867.9 8516.52 8524.87 15857.4 8499.45 10729.9 13899.9 4656.22 7681.13 5824.21 2571.03
internal_count=76457 45533 30924 25484 16523 20049 14800 14401 7257 5068 7144 10433 7805 10684 3987 13137 10813 5941 6403 6912 4329 4207 8369 4673 6090 7196 2392 4581 3468 1402
is_linear=0
shrinkage=0.04


Tree=16
num_leaves=31
num_cat=0
split_feature=3 7 3 11 19 11 3 3 19 11 11 14 3 2 11 11 7 3 2 5 11 14 19 16 14 14 16 2 5 14
split_gain=449.582 79.9722 64.3209 37.8033 34.3139 34.1054 33.3274 16.9175 16.4619 16.6428 13.2548 12.3762 12.3253 11.0328 10.2605 9.56495 11.1836 8.51658 8.08085 7.27991 7.17309 7.08502 7.05721 6.52227 6.47895 6.38591 6.21168 6.19341 6.25889 5.76858
threshold=0.85550000000000015 0.19395000000000004 1.1191000000000002 0.20605000000000004 16.500000000000004 0.19015000000000001 0.53350000000000009 0.96335000000000015 16.500000000000004 0.23725000000000004 0.18760000000000002 0.13575000000000001 0.30095000000000005 0.81535000000000013 0.27820000000000006 0.26095000000000007 0.23065000000000002 1.2862500000000001 1.0250000000000001 0.30880000000000007 0.28875000000000006 0.098350000000000007 60.500000000000007 0.18415000000000001 0.07715000000000001 0.11315000000000001 0.14085000000000003 0.97500000000000009 0.44625000000000004 0.065250000000000016
decision_type=2 2 2 2 2 2 2 2 2 2 2 2 2 2 2 2 2 2 2 2 2 2 2 2 2 2 2 2 2 2
left_child=1 4 3 7 13 19 12 24 18 21 -8 14 -6 -1 22 16 -7 25 -4 -3 26 -10 -5 -17 -2 -11 -12 -16 -29 -14
right_child=2 5 8 11 6 15 10 -9 9 17 20 -13 29 -15 27 23 -18 -19 -20 -21 -22 -23 -24 -25 -26 -27 -28 28 -30 -31
leaf_value=-0.0020408192599587092 -0.002816975034455891 -0.0032848248964382994 -0.0021149026724340552 0.00086163105663292509 -0.011471344770373117 -0.0017518828678089896 -0.0053210533313355415 0.0010532479657859839 0.0026914481591204858 0.0043297743832994978 -0.0041565196447767858 0.0054118977371293876 -0.0076046738289214889 0.0024084533352542246 0.0022371554043039638 0.000180066370639935 0.00022410763420394883 0.0083082542696507108 0.0026180816486117008 -0.00082664859365000072 -0.00034166217470358001 0.0046498721367016198 0.0024197083641216218 0.0026665938608790903 -0.00049157361440829901 0.0077399134682832361 -0.0021050699168465633 0.0052083709914649045 -0.0013226818875904337 -0.0052452103232369833
leaf_weight=6605.0995362997055 3001.2136491537094 9800.5938133001328 642.30745768547058 9447.5074498653412 767.39137744903564 9185.3094035387039 4381.6825262308121 11141.358066797256 6359.6049181222916 3546.4530376195908 4843.7334294319153 1954.4765319824219 2659.3275015354156 1030.8970314264297 3259.6447956562042 6216.4858140945435 9145.9773215055466 1966.5148346424103 5691.792587518692 2399.5675327777863 1710.9121788740158 5521.9039027690887 9162.0919917821884 2316.9101638793945 5306.6723291873932 1167.975213766098 4608.5382906198502 3018.5328108072281 254.5746556520462 4402.7302805185318
leaf_count=3710 1658 5556 331 4948 493 5135 2563 5893 3240 1752 2775 988 1588 549 1680 3333 4929 942 2908 1332 958 2778 4782 1231 2902 570 2638 1534 129 2632
internal_value=2.49721e-05 -0.00225146 0.00225784 0.00138006 -0.00376812 -0.00104752 -0.00452863 3.45334e-05 0.00389891 0.00449975 -0.00345671 0.00234583 -0.00665686 -0.00144015 0.00210748 -0.000251046 -0.000766007 0.00609699 0.00213813 -0.00280134 -0.00272493 0.00360162 0.00162872 0.000855186 -0.00133162 0.00517462 -0.00315632 0.00347132 0.0047004 -0.0061337
internal_weight=141518 70075.2 71442.6 46546.1 31010.3 39064.8 23374.3 19449.2 24896.6 18562.5 15544.9 27096.8 7829.45 7636 25142.4 26864.7 18331.3 6680.94 6334.1 12200.2 11163.2 11881.5 18609.6 8533.4 8307.89 4714.43 9452.27 6532.75 3273.11 7062.06
internal_count=76457 39422 37035 24514 17906 21516 13647 10453 12521 9282 8934 14061 4713 4259 13073 14628 10064 3264 3239 6888 6371 6018 9730 4564 4560 2322 5413 3343 1663 4220
is_linear=0
shrinkage=0.04


Tree=17
num_leaves=31
num_cat=0
split_feature=7 3 6 10 10 10 15 19 3 3 3 19 13 6 3 3 10 16 14 6 14 19 7 3 6 6 14 16 6 3
split_gain=433.106 98.4292 43.6774 32.4709 24.7488 20.0254 15.584 15.3479 27.4218 11.7905 11.6803 11.6747 11.4413 11.5183 10.8757 9.09521 8.65922 8.47126 8.18095 8.87209 8.10149 7.56424 6.89067 6.88516 6.595 6.29798 6.19684 5.90334 6.93948 5.87976
threshold=0.23155000000000003 1.01875 0.16090000000000002 0.24795000000000003 0.22820000000000004 0.23505000000000004 0.4008500000000001 16.500000000000004 0.53350000000000009 1.1390000000000002 0.30095000000000005 16.500000000000004 0.13860000000000003 0.24505000000000002 0.79255000000000009 0.72510000000000008 0.17595000000000002 0.38860000000000006 0.077450000000000005 0.39605000000000007 0.053850000000000009 44.500000000000007 0.37175000000000008 0.79825000000000013 0.26425000000000004 0.35430000000000006 0.10125000000000002 0.19230000000000003 0.30005000000000004 1.38365
decision_type=2 2 2 2 2 2 2 2 2 2 2 2 2 2 2 2 2 2 2 2 2 2 2 2 2 2 2 2 2 2
left_child=2 4 7 11 12 9 23 -1 10 22 -9 27 13 -2 20 24 -10 -8 -7 -20 -13 -11 -3 -6 -5 -15 29 28 -4 -23
right_child=1 5 3 15 6 18 17 8 16 21 -12 14 -14 25 -16 -17 -18 -19 19 -21 -22 26 -24 -25 -26 -27 -28 -29 -30 -31
leaf_value=-0.0021318638875326948 -0.002007547115057972 0.0012021630169242077 -0.0024612554226218354 -0.0015826187779049733 -0.00048777968230890494 0.0029135503704607901 0.0029796179362357321 -0.011733157362117715 -0.0056914643645503043 0.0024468269654747844 -0.0063534750811565927 -0.0060861763068690705 0.0016386190906210974 -0.00037850042246198807 -0.0014767019087198062 0.00114774641983872 -0.0027154161719145772 0.009137424177724035 0.0044195942380542011 0.0073357696252636098 -0.0033444404768851873 0.0026288520989791344 0.0047774279801529405 0.0014672687314064745 0.0025737475709065138 0.0016807353150929149 0.0056421841446792163 0.0015504150244210954 0.0033896948461117717 0.0084603568666316367
leaf_weight=3857.5312134027481 6525.586966753006 9562.5207612514496 2824.9371942281723 5925.3445774316788 4017.4172439575195 4293.8122203350067 5274.256511092186 733.06439030170441 2094.2781060934067 7646.7131932973862 5421.194716334343 1971.3678673505783 4418.1872416734695 13936.937641501427 4598.9738576412201 4700.3595544099808 6181.4803426265717 383.43721759319305 8713.9127848148346 2064.767991900444 13763.568635463715 3112.181119799614 948.01962292194366 10199.393131971359 681.01311123371124 2864.8151494264603 2984.4430642127991 1152.5263469219208 366.40264475345612 303.6319066286087
leaf_count=2175 3587 4971 1590 3306 2156 2155 2734 477 1229 3897 3273 1135 2364 7567 2561 2525 3547 194 4332 1004 7911 1572 481 5339 363 1543 1485 639 193 152
internal_value=2.43684e-05 0.00176959 -0.00278132 -0.00197237 0.000543966 0.00324231 0.0016214 -0.00437309 -0.00497223 0.00253788 -0.00699428 -0.0027857 -0.000227815 -0.000581316 -0.00318782 -0.000197227 -0.00346854 0.00339695 0.00439004 0.00497822 -0.00368794 0.00329603 0.00152464 0.000914807 -0.00115416 -2.73865e-05 0.00431062 -0.000903344 -0.0017895 0.00314722
internal_weight=141522 87250 54272 35984.5 47620 39630 19874.5 18287.5 14430 24557.5 6154.26 24677.8 27745.5 23327.3 20333.9 11306.7 8275.76 5657.69 15072.5 10778.7 15734.9 14047 10510.5 14216.8 6606.36 16801.8 6400.26 4343.87 3191.34 3415.81
internal_count=76457 45533 30924 20223 25484 20049 10423 10701 8526 12558 3750 14029 15061 12697 11607 6194 4776 2928 7491 5336 9046 7106 5452 7495 3669 9110 3209 2422 1783 1724
is_linear=0
shrinkage=0.04


Tree=18
num_leaves=31
num_cat=0
split_feature=7 3 2 11 11 11 11 3 3 15 12 3 7 14 6 11 14 14 14 14 11 16 2 11 10 11 7 6 11 11
split_gain=416.492 94.1249 44.5052 29.0625 27.0928 25.4529 16.9416 14.0744 14.0391 13.9753 13.9159 13.2919 11.0634 10.6302 9.13416 8.56011 8.30141 8.16983 8.00781 7.32784 7.22426 6.97569 6.26549 6.54838 6.2203 5.74345 5.52123 5.47624 7.84581 5.2737
threshold=0.23155000000000003 0.9668000000000001 0.60555000000000014 0.20435000000000003 0.19825000000000001 0.23095000000000002 0.26930000000000004 1.1231500000000001 0.56825000000000014 0.40690000000000009 0.16465000000000005 1.1490000000000002 0.19645000000000004 0.075850000000000015 0.28925000000000006 0.28750000000000003 0.09395000000000002 0.098350000000000007 0.14295000000000002 0.085150000000000017 0.16975000000000004 0.39915000000000006 0.70295000000000007 0.30465000000000003 0.20345000000000002 0.29325000000000007 0.15065000000000003 0.35175000000000006 0.29205000000000009 0.18885000000000005
decision_type=2 2 2 2 2 2 2 2 2 2 2 2 2 2 2 2 2 2 2 2 2 2 2 2 2 2 2 2 2 2
left_child=2 3 6 13 -4 7 8 -3 10 22 -1 25 14 -2 15 -6 -13 -9 20 -14 -12 -11 -5 -24 -21 -7 -22 -18 -29 -10
right_child=1 5 4 9 12 11 -8 17 29 21 18 16 19 -15 -16 -17 27 -19 -20 24 26 -23 23 -25 -26 -27 -28 28 -30 -31
leaf_value=-0.0013695169916684746 -0.0023571669245106689 0.001277787877262548 -0.0032996129389016556 -0.0008018802727992149 -0.0028494679014948571 0.0025411355895994603 -0.0017727537338367667 0.0021653023265462206 -0.0045785402435913952 0.0024855517028736776 -0.0081588730360007237 0.0038897022305210962 -0.0010114520829776746 -0.00020701474262292024 0.0035722414836931162 0.00047349048875545432 0.0048039727112453657 0.0040585928344573068 -0.00074456013904916326 -0.0021148056425410863 -0.0063360883952406008 0.0086292124321915055 0.00063114393308296389 0.0034891488350644235 0.0016620960485156583 0.0045638363102035936 -0.0040906479151024151 0.0062142650298426848 0.011332398949405789 -0.0025169239202194227
leaf_weight=1226.3506442308426 6738.1667511463165 15728.530079722404 10632.826316833496 4264.0854033231735 6274.8530153036118 8741.0824959278107 4510.6152670383453 8310.9706732034683 3108.9564250707626 5331.790806889534 2166.680789232254 4327.8535400629044 5075.3343209028244 8103.2142776250839 465.95670998096466 1545.9581277370453 1953.9971580505371 6497.7831163406372 464.46303701400757 820.3460932970047 4961.8092474937439 313.06347358226776 10248.575232744217 1466.2203440666199 4666.0919150114059 3022.853767156601 2708.4662784337997 1687.2668434381485 669.32063102722168 5492.754410982132
leaf_count=692 3744 8262 6090 2302 3563 4440 2589 4239 1820 2776 1303 2134 2792 4449 243 857 954 3252 264 457 3004 158 5424 758 2521 1515 1583 809 317 3146
internal_value=2.37837e-05 0.00173129 -0.00273379 0.000179853 -0.00168515 0.00284188 -0.00398847 0.00211104 -0.00448497 0.00111539 -0.00539747 0.00393578 -0.000774401 -0.00118321 -0.00186846 -0.00219261 0.00512722 0.00299604 -0.00587699 8.39975e-05 -0.00611932 0.00282628 0.000510981 0.000988851 0.00109736 0.00306089 -0.0055432 0.00636969 0.00766792 -0.00326206
internal_weight=141526 87404.8 54121.5 36465.1 29481.4 50939.7 24640.1 30537.3 20129.5 21623.7 11527.8 20402.4 18848.5 14841.4 8286.77 7820.81 8638.44 14808.8 10301.4 10561.8 9836.96 5644.85 15978.9 11714.8 5486.44 11763.9 7670.28 4310.58 2356.59 8601.71
internal_count=76457 45533 30924 19611 16523 25922 14401 15753 11812 11418 6846 10169 10433 8193 4663 4420 4214 7491 6154 5770 5890 2934 8484 6182 2978 5955 4587 2080 1126 4966
is_linear=0
shrinkage=0.04


Tree=19
num_leaves=31
num_cat=0
split_feature=7 2 2 11 11 13 11 7 19 7 14 11 7 2 10 14 7 6 11 7 14 7 14 19 7 11 10 11 9 11
split_gain=400.512 76.2796 43.1205 34.3409 26.1789 18.5608 17.4822 16.6015 32.8695 15.561 14.5798 11.2978 10.656 9.34029 9.19716 8.90504 8.79442 8.77905 8.26148 8.00532 7.03829 6.73009 6.71536 6.69439 6.50114 6.06281 5.97186 5.75933 5.40831 5.08491
threshold=0.23155000000000003 1.0954500000000003 0.60555000000000014 0.20605000000000004 0.19825000000000001 0.14025000000000004 0.22740000000000002 0.16065000000000004 16.500000000000004 0.28315000000000007 0.075850000000000015 0.21060000000000004 0.19645000000000004 0.70295000000000007 0.32365000000000005 0.082150000000000015 0.097150000000000014 0.28925000000000006 0.28750000000000003 0.28945000000000004 0.085150000000000017 0.33675000000000005 0.098350000000000007 16.500000000000004 0.26175000000000004 0.18815000000000001 0.20345000000000002 0.18225000000000002 3.9500000000000006 0.35750000000000004
decision_type=2 2 2 2 2 2 2 2 2 2 2 2 2 2 2 2 2 2 2 2 2 2 2 2 2 2 2 2 2 2
left_child=2 3 7 10 23 9 22 8 -1 14 19 -9 17 -11 -5 -8 -10 18 -6 -2 -14 -17 -3 -4 -12 -26 -22 -18 -24 -13
right_child=1 6 4 5 12 -7 15 11 16 13 24 29 20 -15 -16 21 27 -19 -20 -21 26 -23 28 -25 25 -27 -28 -29 -30 -31
leaf_value=-0.0019321417296496882 -0.0026808939173059839 0.0017555890857677162 -0.0010930200031009577 -4.5179001172409855e-05 -0.0028009180817313776 0.0037814978806085739 0.0029206982267774208 -0.004245065076295261 -0.010036888935166091 -0.00054372334845963547 -0.00077867997366069688 -0.0020029365882854688 -0.00099237457647612234 0.0027057440024439252 0.0033326747297832671 0.00403195329061773 -0.0079044096710428127 0.0034886729104499554 0.00046386347087406089 -0.00030813162580570658 -0.0020772310870139578 0.0062160995327942463 0.0038543671224820835 -0.003714550073153672 0.00038858805626151193 0.0026784857919484057 0.0016263483533485521 -0.0052945351710547177 0.0014698181824072884 0.0045809574175115159
leaf_weight=3859.1800094842911 5161.0595825910568 10790.507729649544 1898.7349733114243 12759.966958165169 6256.9985103607178 5327.1507380008698 5052.6440688371658 5531.9554117918015 944.38286089897156 1641.8483904600143 4726.2911061048508 6707.5481692552567 5070.2034677267075 10258.247950315475 1434.7247538566589 5020.2203541994095 1792.7916654348373 467.62419497966766 1546.6902939081192 4068.4662963151932 818.61304724216461 4101.303783416748 6229.9255782365799 8699.0649491548538 6361.8407336473465 2608.4760085344315 4673.8538564443588 5513.1222636699677 2013.7597193717957 193.09150111675262
leaf_count=2189 2867 5566 1063 6766 3563 2708 2521 3233 614 875 2605 3804 2792 5284 745 2498 1105 243 857 2201 457 1968 3154 5027 3378 1373 2521 3349 1024 107
internal_value=2.32144e-05 0.00169388 -0.00268695 0.00077099 -0.00165453 0.00162985 0.00320427 -0.00392507 -0.0049792 0.0011906 -0.000406141 -0.00289833 -0.000759647 0.00225742 0.000296237 0.00426781 -0.0064045 -0.00183484 -0.00215384 -0.00163496 8.23016e-05 0.00501401 0.00241229 -0.00324487 0.000421902 0.00105447 0.00107436 -0.00593497 0.00327187 -0.00181871
internal_weight=141530 87556.4 53973.9 54348.1 29431.8 31421.9 33208.4 24542.1 12109.5 26094.8 22926.1 12432.6 18834 11900.1 14194.7 14174.2 8250.3 8271.31 7803.69 9229.53 10562.7 9121.52 19034.2 10597.8 13696.6 8970.32 5492.47 7305.91 8243.69 6900.64
internal_count=76457 45533 30924 28802 16523 16378 16731 14401 7257 13670 12424 7144 10433 6159 7511 6987 5068 4663 4420 5068 5770 4466 9744 6090 7356 4751 2978 4454 4178 3911
is_linear=0
shrinkage=0.04


Tree=20
num_leaves=31
num_cat=0
split_feature=7 7 3 11 11 2 16 2 6 14 10 14 14 11 14 11 14 7 7 2 14 7 3 4 14 11 14 12 14 11
split_gain=389.591 86.2275 44.6591 42.22 24.9724 22.1033 15.7941 15.3641 12.6673 12.5379 9.20252 9.1493 8.75731 8.52977 7.25031 7.06156 6.84894 8.75111 6.72266 6.67393 7.95795 6.66975 6.47179 6.09156 6.04612 6.03993 5.46694 5.35467 5.33034 5.19602
threshold=0.26425000000000004 0.19395000000000004 1.0031500000000002 0.22740000000000002 0.23820000000000005 0.45800000000000007 0.15085000000000001 1.0000000180025095e-35 0.28340000000000004 0.070450000000000013 0.26105000000000006 0.085150000000000017 0.081450000000000009 0.24010000000000001 0.097650000000000015 0.19315000000000002 0.044250000000000005 0.13465000000000002 0.30985000000000007 1.4142500000000002 0.030050000000000004 0.23335000000000003 0.79825000000000013 0.39085000000000009 0.063950000000000021 0.28600000000000009 0.14295000000000002 0.25555000000000005 0.16465000000000005 0.18510000000000001
decision_type=2 2 2 2 2 2 2 2 2 2 2 2 2 2 2 2 2 2 2 2 2 2 2 2 2 2 2 2 2 2
left_child=1 5 6 9 14 7 13 -1 10 -3 27 -5 16 -2 -4 -8 -9 -18 -16 20 -6 -11 -15 -23 -19 -13 -17 -7 29 -14
right_child=2 3 4 11 19 8 15 12 -10 21 -12 25 28 22 18 26 17 24 -20 -21 -22 23 -24 -25 -26 -27 -28 -29 -30 -31
leaf_value=0.00078168398091027491 -0.00048905483903041464 -0.0032532764459837168 0.001717458299886116 -0.00034195810617477509 -0.00047838898059355362 -0.0037411323869582904 0.00065590451135627255 -0.0042711310054905447 0.0020739731109935726 -0.0020817220541184925 -0.0016526742832584742 0.00076094591660855497 -0.007214442450255455 -0.00089606975455291341 0.001645361253993099 0.0025884675480761189 -0.0093918802166858151 -0.0079167637021402473 0.0037163975228968887 0.0067016494572917475 0.0043148631268454555 -0.00090503458064582849 0.0022642838270398647 0.0026026574006384751 -0.0034138218746375282 0.0029652030889784514 0.0063410795494589015 0.00060949547686825045 0.0017264843637795277 -0.0035483621010242539
leaf_weight=627.75198864936829 10762.679580688477 8016.7918257713318 14207.0265635252 9708.2932178974152 581.89251923561096 14757.218144893646 3027.391263127327 1364.7778534889221 782.22631943225861 9522.1544789075851 5157.396735906601 6919.9729583263397 847.49984931945801 1393.9749356508255 3659.9018667936325 5474.8199974298477 2024.5366302728653 934.15320575237274 7966.1372457742691 1790.3214589357376 11641.856027960777 7690.5314967632294 4045.6087287664413 883.10952544212341 975.10026836395264 2791.2336959838867 700.64324057102203 466.95858561992645 233.44252717494965 2289.9102153778076
leaf_count=352 5829 4519 7281 5245 290 8634 1634 808 411 5419 2929 3689 514 745 1886 2841 1268 559 3973 851 5699 4188 2094 479 582 1451 351 272 131 1378
internal_value=-4.14447e-05 -0.0019881 0.00222563 -0.000886026 0.0030612 -0.00363543 0.000915078 -0.00526112 -0.00292127 -0.00193643 -0.00311299 0.000526402 -0.00569868 0.00016342 0.00232366 0.00223843 -0.00671269 -0.00755976 0.00306443 0.00442075 0.00408669 -0.00135303 0.0014544 -0.000543732 -0.00561701 0.0013945 0.00301422 -0.00360769 -0.00410479 -0.00453867
internal_weight=141245 75993.1 65252.3 45532.1 39847.1 30461 25405.1 9297.17 21163.8 26112.6 20381.6 19419.5 8669.42 16202.3 25833.1 9202.85 5298.57 3933.79 11626 14014.1 12223.7 18095.8 5439.58 8573.64 1909.25 9711.21 6175.46 15224.2 3370.85 3137.41
internal_count=76302 42828 33474 24990 19980 17838 13494 5592 12246 14605 11835 10385 5240 8668 13140 4826 3217 2409 5859 6840 5989 10086 2839 4667 1141 5140 3192 8906 2023 1892
is_linear=0
shrinkage=0.04


end of trees

feature_importances:
pitcher_last_10_k_rate=113
season_avg_strikeouts=98
season_avg_batter_k_rate=90
season_avg_batter_hard_contact=73
games_played_season=55
last_20_avg_batter_k_rate=43
last_20_avg_strikeouts=39
pitcher_last_5_k_rate=34
last_10_avg_batter_iso=24
last_10_avg_batter_slg=16
last_10_avg_batter_hard_contact=14
days_rest=7
last_10_avg_batter_k_rate=5
last_10_avg_at_bats=5
last_5_avg_batter_k_rate=4
last_5_avg_at_bats=4
last_10_avg_faced_k_rate=4
last_5_avg_strikeouts=1
park_factor=1

parameters:
[boosting: gbdt]
[objective: poisson]
[metric: poisson,l1]
[tree_learner: serial]
[device_type: cpu]
[data_sample_strategy: bagging]
[data: ]
[valid: ]
[num_iterations: 2000]
[learning_rate: 0.04]
[num_leaves: 31]
[num_threads: 0]
[seed: 42]
[deterministic: 0]
[force_col_wise: 0]
[force_row_wise: 0]
[histogram_pool_size: -1]
[max_depth: -1]
[min_data_in_leaf: 100]
[min_sum_hessian_in_leaf: 0.001]
[bagging_fraction: 0.9]
[pos_bagging_fraction: 1]
[neg_bagging_fraction: 1]
[bagging_freq: 5]
[bagging_seed: 400]
[bagging_by_query: 0]
[feature_fraction: 0.9]
[feature_fraction_bynode: 1]
[feature_fraction_seed: 30056]
[extra_trees: 0]
[extra_seed: 12879]
[early_stopping_round: 0]
[early_stopping_min_delta: 0]
[first_metric_only: 0]
[max_delta_step: 0]
[lambda_l1: 0]
[lambda_l2: 0]
[linear_lambda: 0]
[min_gain_to_split: 0]
[drop_rate: 0.1]
[max_drop: 50]
[skip_drop: 0.5]
[xgboost_dart_mode: 0]
[uniform_drop: 0]
[drop_seed: 17869]
[top_rate: 0.2]
[other_rate: 0.1]
[min_data_per_group: 100]
[max_cat_threshold: 32]
[cat_l2: 10]
[cat_smooth: 10]
[max_cat_to_onehot: 4]
[top_k: 20]
[monotone_constraints: ]
[monotone_constraints_method: basic]
[monotone_penalty: 0]
[feature_contri: ]
[forcedsplits_filename: ]
[refit_decay_rate: 0.9]
[cegb_tradeoff: 1]
[cegb_penalty_split: 0]
[cegb_penalty_feature_lazy: ]
[cegb_penalty_feature_coupled: ]
[path_smooth: 0]
[interaction_constraints: ]
[verbosity: -1]
[saved_feature_importance_type: 0]
[use_quantized_grad: 0]
[num_grad_quant_bins: 4]
[quant_train_renew_leaf: 0]
[stochastic_rounding: 1]
[linear_tree: 0]
[max_bin: 255]
[max_bin_by_feature: ]
[min_data_in_bin: 3]
[bin_construct_sample_cnt: 200000]
[data_random_seed: 175]
[is_enable_sparse: 1]
[enable_bundle: 1]
[use_missing: 1]
[zero_as_missing: 0]
[feature_pre_filter: 1]
[pre_partition: 0]
[two_round: 0]
[header: 0]
[label_column: ]
[weight_column: ]
[group_column: ]
[ignore_column: ]
[categorical_feature: ]
[forcedbins_filename: ]
[precise_float_parser: 0]
[parser_config_file: ]
[objective_seed: 16083]
[num_class: 1]
[is_unbalance: 0]
[scale_pos_weight: 1]
[sigmoid: 1]
[boost_from_average: 1]
[reg_sqrt: 0]
[alpha: 0.9]
[fair_c: 1]
[poisson_max_delta_step: 0.7]
[tweedie_variance_power: 1.5]
[lambdarank_truncation_level: 30]
[lambdarank_norm: 1]
[label_gain: ]
[lambdarank_position_bias_regularization: 0]
[eval_at: ]
[multi_error_top_k: 1]
[auc_mu_weights: ]
[num_machines: 1]
[local_listen_port: 12400]
[time_out: 120]
[machine_list_filename: ]
[machines: ]
[gpu_platform_id: -1]
[gpu_device_id: -1]
[gpu_use_dp: 0]
[num_gpu: 1]

end of parameters

pandas_categorical:[]
