tree
version=v4
num_class=1
num_tree_per_iteration=1
label_index=0
max_feature_idx=41
objective=poisson
feature_names=last_5_avg_total_bases last_10_avg_total_bases last_20_avg_total_bases season_avg_total_bases last_10_rate_over_1.5_total_bases last_10_rate_over_2.5_total_bases last_10_rate_over_3.5_total_bases last_5_avg_hits last_10_avg_hits season_avg_hits last_5_avg_home_runs last_10_avg_home_runs season_avg_home_runs last_5_avg_doubles last_10_avg_doubles last_5_avg_at_bats last_10_avg_at_bats last_5_avg_strikeouts last_10_avg_strikeouts last_5_avg_rbis last_10_avg_rbis days_rest games_played_season pitcher_last_5_k_rate pitcher_last_10_k_rate pitcher_last_5_h_per_9 pitcher_last_10_h_per_9 pitcher_last_5_era pitcher_last_10_era pitcher_last_5_avg_outs pitcher_last_10_avg_outs last_10_avg_batter_iso last_10_avg_batter_slg last_10_avg_batter_hard_contact last_10_avg_batter_hr_rate last_10_avg_batter_k_rate season_avg_batter_hard_contact last_10_avg_pitcher_command last_10_avg_pitcher_hr9 park_factor wx_temp wx_wind_out
feature_infos=[0:10] [0:10] [0:10] [0:10] [0:0.83330000000000004] [0:0.75] [0:0.69999999999999996] [0:4] [0:4] [0:4] [0:2] [0:2] [0:2] none none [0.5:6] [0.5:6] [0:4] [0:4] [0:7] [0:7] [0:10] [1:13] [0:0.57140000000000002] [0:0.57140000000000002] [0:30.857099999999999] [0:30.857099999999999] [0:67.5] [0:67.5] [0:8.4000000000000004] [0:4.2000000000000002] none none none none none none none none none none none
tree_sizes=2094 2192 2089 2299 2411 2300 2297 2293 2306 2313 2197 2303 2192 2299 2081 1979 2412 2306 2405 2297 2199 2293 2294 2186 2319 2424 2316 2314 2324 2312 2078

Tree=0
num_leaves=19
num_cat=0
split_feature=22 16 15 23 17 19 15 20 5 9 25 8 4 23 17 5 15 15
split_gain=21.0611 10.8857 9.5069 9.29704 6.62498 5.60538 5.59659 9.36175 10.5559 5.14371 4.41894 3.37908 3.18225 3.03293 1.75557 2.35806 2.78003 0.603951
threshold=4.5000000000000009 3.8660500000000004 3.7083500000000007 0.26205000000000006 0.63335000000000008 0.22500000000000003 3.7750000000000004 0.13395000000000004 0.13395000000000004 1.1548000000000003 10.442300000000001 0.81665000000000021 0.38750000000000007 0.32665000000000005 0.29165000000000002 0.18335000000000004 3.2916500000000002 2.6333500000000005
decision_type=2 2 2 2 2 2 2 2 2 2 2 2 2 2 2 2 2 2
left_child=2 3 12 6 -4 -6 7 -2 -9 -3 11 -10 14 -5 -1 16 17 -16
right_child=1 9 4 13 5 -7 -8 8 10 -11 -12 -13 -14 -15 15 -17 -18 -19
leaf_value=0.3905839854323126 0.39353878115827184 0.39969286831605905 0.39233351635219715 0.39155347067863716 0.39494744006022242 0.40109656274632022 0.39496504222120182 0.40587336441823618 0.39964973658827252 0.40581826460552972 0.40266529177083688 0.39395838785289689 0.38921617031586581 0.39628835840023569 0.39277885149357977 0.39685048711044602 0.39597527569653296 0.39041753957287506
leaf_weight=335.32796859741211 326.34596943855286 529.93795037269592 395.20796298980713 470.0579559803009 413.17196130752563 556.88394784927368 526.94395065307617 482.03395485877991 335.32796859741211 374.24996495246887 299.3999719619751 332.33396887779236 404.18996214866638 401.19596242904663 314.36997056007385 314.36997056007385 320.35796999931335 386.22596383094788
leaf_count=112 109 177 132 157 138 186 176 161 112 125 100 111 135 134 105 105 107 129
internal_value=0.396412 0.398356 0.394107 0.397253 0.396699 0.398477 0.398585 0.399659 0.401038 0.402228 0.398627 0.396817 0.392401 0.393734 0.393172 0.393821 0.392889 0.391477
internal_weight=7517.93 4077.83 3440.11 3173.64 1365.26 970.056 2302.39 1775.44 1449.1 904.188 967.062 667.662 2074.84 871.254 1670.65 1335.32 1020.95 700.596
internal_count=2511 1362 1149 1060 456 324 769 593 484 302 323 223 693 291 558 446 341 234
is_linear=0
shrinkage=1


Tree=1
num_leaves=19
num_cat=0
split_feature=22 16 15 23 17 19 15 20 5 23 25 9 4 23 17 5 15 15
split_gain=20.2514 10.3733 9.19413 8.93314 6.37933 5.35942 5.35755 8.95326 9.98056 5.00134 4.20971 3.24423 3.10392 2.9381 1.70753 2.27977 2.69646 0.589162
threshold=4.5000000000000009 3.8660500000000004 3.7083500000000007 0.26205000000000006 0.63335000000000008 0.22500000000000003 3.7750000000000004 0.13395000000000004 0.13395000000000004 0.16165000000000004 10.442300000000001 0.8257500000000001 0.38750000000000007 0.32665000000000005 0.29165000000000002 0.18335000000000004 3.2916500000000002 2.6333500000000005
decision_type=2 2 2 2 2 2 2 2 2 2 2 2 2 2 2 2 2 2
left_child=2 3 12 6 -4 -6 7 -2 -9 -3 11 -10 14 -5 -1 16 17 -16
right_child=1 9 4 13 5 -7 -8 8 10 -11 -12 -13 -14 -15 15 -17 -18 -19
leaf_value=-0.0059425746619392247 -0.0030197623193972917 0.0091528809496381341 -0.0042098792941250972 -0.0049816645763108985 -0.0016324698273624094 0.0043773677608661739 -0.0016151593580235042 0.0089946078681946134 0.0029700297865039881 0.0030822442751195652 0.0058986290342879152 -0.0026061079968565048 -0.0073014871181953465 -0.00031554944487764003 -0.0037698041444361508 0.00023545881575445543 -0.00062271001107606049 -0.0061077372524204789
leaf_weight=333.31328964233398 325.34516000747681 358.41931819915771 393.52138710021973 467.68699359893799 412.4855318069458 559.38793659210205 526.07777786254883 486.51986360549927 336.3487663269043 550.86678314208984 301.2183666229248 331.4538402557373 401.21238827705383 401.06686019897461 313.16781520843506 314.44552302360535 320.15462350845337 383.8416051864624
leaf_count=112 109 119 132 157 138 186 176 161 112 183 100 111 135 134 105 105 107 129
internal_value=-0.000194772 0.00170817 -0.0024601 0.000629594 8.68606e-05 0.00182665 0.00193147 0.00297915 0.00432004 0.00547515 0.00197306 0.000202397 -0.00414324 -0.00282752 -0.00338217 -0.00274128 -0.0036615 -0.0050573
internal_weight=7516.53 4085 3431.53 3175.72 1365.39 971.873 2306.96 1780.89 1455.54 909.286 969.021 667.803 2066.14 868.754 1664.92 1331.61 1017.16 697.009
internal_count=2511 1362 1149 1060 456 324 769 593 484 302 323 223 693 291 558 446 341 234
is_linear=0
shrinkage=0.04


Tree=2
num_leaves=18
num_cat=0
split_feature=22 16 15 23 17 15 20 5 19 5 16 4 23 17 5 15 15
split_gain=19.4726 9.88699 8.8907 8.58359 6.14264 5.12916 8.5637 9.44061 5.12486 4.99401 4.13462 3.02687 2.84585 1.66048 2.20386 2.61501 0.574606
threshold=4.5000000000000009 3.8660500000000004 3.7083500000000007 0.26205000000000006 0.63335000000000008 3.7750000000000004 0.13395000000000004 0.13395000000000004 0.22500000000000003 0.23610000000000003 3.3875000000000006 0.38750000000000007 0.32665000000000005 0.29165000000000002 0.18335000000000004 3.2916500000000002 2.6333500000000005
decision_type=2 2 2 2 2 2 2 2 2 2 2 2 2 2 2 2 2
left_child=2 3 11 5 -4 6 -2 -8 -6 -3 -9 13 -5 -1 15 16 -15
right_child=1 9 4 12 8 -7 7 10 -10 -11 -12 -13 -14 14 -16 -17 -18
leaf_value=-0.0058596035365269311 -0.0029688217096509651 0.0087657586269210726 -0.0041438412273602128 -0.0049073435498650517 -0.0016026836682322501 -0.0015856616455885684 0.0087362056342107849 -0.00054440754706019739 0.0042714883827563695 0.0027880237882334465 0.004683553343108506 -0.0072094305133452727 -0.00030937987418927715 -0.0037090199896044462 0.00023072726622948726 -0.00061072475972833936 -0.0060234646437581875
leaf_weight=331.33842468261719 324.3641791343689 389.81220173835754 391.86820220947266 465.36293315887451 411.8127236366272 525.22876739501953 490.91564345359802 511.41352200508118 561.84194755554199 524.47006392478943 459.52727508544922 398.29361915588379 400.94031381607056 311.98946714401245 314.5195734500885 319.95533323287964 381.50433397293091
leaf_count=112 109 129 132 157 138 176 161 170 186 173 153 135 134 105 105 107 129
internal_value=-0.000191172 0.00167111 -0.00241736 0.00061647 8.49903e-05 0.00188917 0.00291093 0.00421556 0.00178697 0.00533668 0.00192988 -0.00407804 -0.00277933 -0.00332639 -0.00269433 -0.00360211 -0.00498224
internal_weight=7515.16 4092.03 3423.12 3177.75 1365.52 2311.45 1786.22 1461.86 973.655 914.282 970.941 2057.6 866.303 1659.31 1327.97 1013.45 693.494
internal_count=2511 1362 1149 1060 456 769 593 484 324 302 323 693 291 558 446 341 234
is_linear=0
shrinkage=0.04


Tree=3
num_leaves=20
num_cat=0
split_feature=22 16 15 23 17 22 15 29 19 9 27 16 4 23 18 17 5 15 15
split_gain=18.7238 9.42521 8.59637 8.24787 5.91458 4.99915 6.98191 7.45469 4.90115 4.86706 3.78161 4.44588 2.95109 2.75615 2.10732 1.61443 2.13025 2.53565 0.560286
threshold=4.5000000000000009 3.8660500000000004 3.7083500000000007 0.26205000000000006 0.63335000000000008 6.5000000000000009 3.7750000000000004 4.9000000000000012 0.22500000000000003 1.1548000000000003 4.0054500000000006 3.3875000000000006 0.38750000000000007 0.32665000000000005 0.84520000000000006 0.29165000000000002 0.18335000000000004 3.2916500000000002 2.6333500000000005
decision_type=2 2 2 2 2 2 2 2 2 2 2 2 2 2 2 2 2 2 2
left_child=2 3 12 5 -4 10 7 14 -6 -3 11 -2 15 -5 -7 -1 17 18 -17
right_child=1 9 4 13 8 6 -8 -9 -10 -11 -12 -13 -14 -15 -16 16 -18 -19 -20
leaf_value=-0.0057773051282953977 -0.0056477701783788567 0.0027508697789918593 -0.0040785668845795299 -0.004833768316212462 -0.001573394116295214 0.010306507561724812 -0.0012922256524572728 0.0005965208536896807 0.0041686166579067603 0.0086581887902951182 0.0029109079482260883 0.0010739974627476125 -0.0071178736329291946 -0.00030332966314904785 0.0055874385422690987 -0.0036489922187544267 0.00022609098737842983 -0.00059896292018054816 -0.005939848984941291
leaf_weight=329.4025993347168 303.89060497283936 537.71328568458557 390.24771595001221 463.0848388671875 411.15324068069458 302.28784584999084 357.54312515258789 347.99722766876221 564.2470006942749 381.46526837348938 374.10557246208191 326.68797588348389 395.43246388435364 400.81629133224487 303.32974171638489 310.83442568778992 314.59214687347412 319.75999712944031 379.21325826644897
leaf_count=112 101 177 132 157 138 100 120 115 186 125 124 109 135 134 100 105 105 107 129
internal_value=-0.000187628 0.00163492 -0.00237526 0.000603649 8.31634e-05 0.00184791 0.00347474 0.00526204 0.00174823 0.00520245 -0.000275166 -0.00216538 -0.00401359 -0.00273182 0.00794291 -0.00327135 -0.00264807 -0.00354347 -0.00490792
internal_weight=7513.8 4098.92 3414.88 3179.74 1365.65 2315.84 1311.16 953.615 975.4 919.179 1004.68 630.579 2049.23 863.901 605.618 1653.8 1324.4 1009.81 690.048
internal_count=2511 1362 1149 1060 456 769 435 315 324 302 334 210 693 291 200 558 446 341 234
is_linear=0
shrinkage=0.04


Tree=4
num_leaves=21
num_cat=0
split_feature=16 18 12 7 25 12 16 20 20 21 20 0 16 23 27 8 27 27 21 17
split_gain=16.4423 9.73579 8.39066 7.15418 6.99495 6.96204 3.55539 3.44023 5.49522 6.23454 4.45019 3.95813 3.75738 3.61769 3.27196 3.12943 2.43248 2.63122 1.45621 0.515634
threshold=3.2678500000000006 0.13395000000000004 0.10555000000000002 0.63335000000000008 11.940000000000003 0.13395000000000004 4.1055500000000009 0.43650000000000005 0.15480000000000002 1.5000000000000002 0.52780000000000016 2.2250000000000005 3.7321500000000003 0.14550000000000005 2.0384500000000005 1.2111000000000003 4.410000000000001 1.6123000000000003 1.5000000000000002 0.77500000000000013
decision_type=2 2 2 2 2 2 2 2 2 2 2 2 2 2 2 2 2 2 2 2
left_child=2 -2 16 -4 6 -6 7 8 9 12 -9 -12 -3 -10 -15 -8 17 18 19 -1
right_child=1 4 3 -5 5 -7 15 10 13 -11 11 -13 -14 14 -16 -17 -18 -19 -20 -21
leaf_value=-0.0062822843558697338 -0.0058938993587398722 0.00010930580538251269 0.0048524474537941951 -0.0027142456146967454 0.009766553801513346 0.0013699292381272015 0.0060468621515479618 -0.0044296937099494327 0.0068334620785965626 0.0038951985129380699 -0.0017766736086558541 0.00357587235639732 -0.0060630530171193499 0.0049308240383012913 -0.00054644808446514196 0.00066997793645765804 -0.0012994836197700733 -0.0082669054057229272 -0.002222724193288728 -0.0040650593530156941
leaf_weight=371.10319924354553 294.92795467376709 312.42617654800415 351.19150328636169 464.16249823570251 311.84645867347717 320.25105404853821 378.22833681106567 438.00202393531799 346.10793280601501 313.14961743354797 524.14092588424683 382.26422548294067 318.83226990699768 309.74940466880798 399.6487193107605 319.47963452339172 331.82631325721741 324.2355694770813 394.54242730140686 306.36104464530945
leaf_count=126 100 105 117 156 103 106 125 146 115 105 174 127 107 103 133 105 111 109 134 104
internal_value=-0.000184152 0.00115467 -0.00279979 0.000544901 0.00159942 0.00551242 0.0009875 0.000445641 0.0014975 -0.000719146 -0.00111909 0.000480691 -0.00300819 0.00348084 0.00184513 0.00358479 -0.00437792 -0.00510953 -0.00415455 -0.00527962
internal_weight=7512.48 4969.05 2543.42 815.354 4674.13 632.098 4042.03 3344.32 1999.91 944.408 1344.41 906.405 631.258 1055.51 709.398 697.708 1728.07 1396.24 1072.01 677.464
internal_count=2511 1654 857 273 1554 209 1345 1115 668 317 447 301 212 351 236 230 584 473 364 230
is_linear=0
shrinkage=0.04


Tree=5
num_leaves=20
num_cat=0
split_feature=16 22 16 6 7 22 27 0 4 23 0 18 6 18 23 15 19 19 0
split_gain=14.8361 8.4023 8.94381 9.72606 9.34811 8.28916 5.21258 5.0524 6.5868 4.89633 4.37139 4.05244 3.73251 3.46425 2.94366 2.74381 2.54063 2.08377 0.519022
threshold=3.2678500000000006 3.5000000000000004 3.8819500000000002 0.11805000000000002 0.70835000000000015 5.5000000000000009 3.2757500000000004 1.3666500000000001 0.41430000000000006 0.22475000000000003 2.1000000000000005 0.47220000000000006 0.13395000000000004 0.18335000000000004 0.21055000000000004 3.9000000000000004 0.36665000000000009 0.29165000000000002 0.63335000000000008
decision_type=2 2 2 2 2 2 2 2 2 2 2 2 2 2 2 2 2 2 2
left_child=5 11 4 -4 14 9 -7 -6 12 13 -5 -2 -9 -1 -3 -13 18 -17 -15
right_child=1 2 3 10 7 6 -8 8 -10 -11 -12 15 -14 16 -16 17 -18 -19 -20
leaf_value=-0.0066347483292937695 -0.0051611135946906372 0.0078177257395419392 0.011250994123713578 -0.00013088612186322012 -0.0041554281323595626 -0.0021995803547691763 0.0041664564631120763 0.0062620065435792958 -0.0027337109505478057 -0.0083198905036901936 0.0060417608778498277 -0.0024234147736497784 0.00048662244172077549 -0.0040114546059471425 0.0025427949559630042 -0.00074523501305177083 0.0012224872070941582 0.0033853178596655381 -0.0018229410901098855
leaf_weight=305.39744162559509 301.99359655380249 329.46622443199158 332.96473240852356 360.82557058334351 437.99382781982422 418.93515110015869 404.49659371376038 349.08531284332275 485.70608353614807 332.65411853790283 373.67053961753845 467.88998866081238 367.56694531440735 416.35235524177551 348.11782145500183 368.23593974113464 313.00538206100464 416.36682963371277 297.10975790023804
leaf_count=105 103 109 109 118 146 140 134 116 162 113 122 157 123 142 116 124 106 137 101
internal_value=0.00016396 0.00143264 0.0025505 0.00558014 0.00115529 -0.00235503 0.000927625 -0.000477331 0.000862522 -0.00397894 0.00300941 -0.00100188 0.00329984 -0.00289472 0.00510766 9.74248e-07 -0.00178198 0.00144673 -0.00310008
internal_weight=7427.83 4939.88 3385.4 1067.46 2317.94 2487.95 823.432 1640.35 1202.36 1664.52 734.496 1554.49 716.652 1331.86 677.584 1252.49 1026.47 784.603 713.462
internal_count=2483 1642 1121 349 772 841 274 547 401 567 240 521 239 454 225 418 349 261 243
is_linear=0
shrinkage=0.04


Tree=6
num_leaves=20
num_cat=0
split_feature=16 22 16 6 7 22 28 0 4 23 0 17 15 17 23 15 20 20 0
split_gain=14.2631 8.04676 8.5112 9.15718 8.92801 8.00678 4.9929 4.87207 6.31846 4.77659 4.16164 3.91742 3.5781 3.36632 2.78382 2.63846 2.44976 1.99354 0.503138
threshold=3.2678500000000006 3.5000000000000004 3.8819500000000002 0.11805000000000002 0.70835000000000015 5.5000000000000009 3.2757500000000004 1.3666500000000001 0.41430000000000006 0.22475000000000003 2.1000000000000005 0.45000000000000007 3.7083500000000007 1.0000000180025095e-35 0.21055000000000004 3.9000000000000004 0.38750000000000007 0.31665000000000004 0.63335000000000008
decision_type=2 2 2 2 2 2 2 2 2 2 2 2 2 2 2 2 2 2 2
left_child=5 11 4 -4 14 9 -7 -6 12 13 -5 -2 -9 -1 -3 -13 18 -17 -15
right_child=1 2 3 10 7 6 -8 8 -10 -11 -12 15 -14 16 -16 17 -18 -19 -20
leaf_value=-0.0065466878340988324 -0.005085036955661937 0.0076021659423391487 0.010902888141287677 -0.00012830317651259195 -0.0040900189900660751 -0.0021606846205302131 0.0040665454189759385 0.0056701088995289315 -0.002686819254308438 -0.0082234490605621359 0.0058857197633678171 -0.0023810993895873019 -3.0832349992290919e-05 -0.0039477374814865067 0.0024858930783411702 -0.00073098197348205822 0.0011967255228998224 0.003306746551239833 -0.0017900243260418837
leaf_weight=303.3779091835022 300.43899583816528 332.05199503898621 336.73206949234009 360.77834486961365 436.17755150794983 418.01467847824097 406.18542718887329 410.44084811210632 484.38011288642883 329.89795470237732 375.93500423431396 466.75746631622314 308.58315181732178 414.68553376197815 349.00413966178894 367.96162819862366 313.38826560974121 417.77875447273254 296.56864023208618
leaf_count=105 103 109 109 118 146 140 134 136 162 113 122 157 103 142 116 124 106 137 101
internal_value=0.000160444 0.00140192 0.00249314 0.00543829 0.00113082 -0.00231389 0.000908243 -0.000468221 0.000844511 -0.0039157 0.00294057 -0.000983056 0.00322344 -0.0028456 0.00498036 8.93591e-07 -0.00174978 0.00141588 -0.00304804
internal_weight=7429.14 4947.02 3394.08 1073.45 2320.64 2482.12 824.2 1639.58 1203.4 1657.92 736.713 1552.94 719.024 1328.02 681.056 1252.5 1024.64 785.74 711.254
internal_count=2483 1642 1121 349 772 841 274 547 401 567 240 521 239 454 225 418 349 261 243
is_linear=0
shrinkage=0.04


Tree=7
num_leaves=20
num_cat=0
split_feature=16 22 22 16 6 7 27 0 4 23 0 17 6 17 23 15 20 20 0
split_gain=13.7121 7.73337 7.70684 8.10138 8.62648 8.52803 4.78288 4.69791 6.06134 4.65881 3.96286 3.78654 3.5265 3.27059 2.63373 2.53712 2.362 1.9074 0.487666
threshold=3.2678500000000006 5.5000000000000009 3.5000000000000004 3.8819500000000002 0.11805000000000002 0.70835000000000015 3.2757500000000004 1.3666500000000001 0.41430000000000006 0.22475000000000003 2.1000000000000005 0.45000000000000007 0.13395000000000004 1.0000000180025095e-35 0.21055000000000004 3.9000000000000004 0.38750000000000007 0.31665000000000004 0.63335000000000008
decision_type=2 2 2 2 2 2 2 2 2 2 2 2 2 2 2 2 2 2 2
left_child=1 9 11 5 -5 14 -3 -7 12 13 -6 -2 -9 -1 -4 -13 18 -17 -15
right_child=2 6 3 4 10 7 -8 8 -10 -11 -12 15 -14 16 -16 17 -18 -19 -20
leaf_value=-0.0064592216631783475 -0.0050096973905804209 -0.0021223931875497051 0.0073941596234748577 0.010569268638371116 -0.00012577094093634437 -0.0040253734321306738 0.0039694307612630547 0.0060100782788962579 -0.0026406068269950139 -0.0081273337676857575 0.005734612786187334 -0.0023394227552288034 0.00041506401705515485 -0.0038847823611907139 0.0024304039364869911 -0.0007169915183729529 0.0011715373319861023 0.0032302552009460736 -0.0017576436956514376
leaf_weight=301.39827632904053 298.91511917114258 417.1124575138092 334.58592963218689 340.42350959777832 360.7320613861084 434.39721965789795 407.84056234359741 352.48433136940002 483.08041787147522 327.19618034362793 378.15417313575745 465.64739561080933 368.864009141922 413.05168509483337 349.87280488014221 367.69275236129761 313.76353001594543 419.16253304481506 296.03824734687805
leaf_count=105 103 140 109 109 118 146 134 116 162 113 122 157 123 142 116 124 106 137 101
internal_value=0.000157009 -0.00227337 0.0013719 0.00243722 0.00530082 0.0011069 0.000889285 -0.000459277 0.000826894 -0.00385322 0.00287351 -0.00096457 0.00314905 -0.00279717 0.00485685 8.16968e-07 -0.0017181 0.00138573 -0.00299672
internal_weight=7430.41 2476.4 4954.01 3402.59 1079.31 2323.28 824.953 1638.83 1204.43 1651.45 738.886 1551.42 721.348 1324.25 684.459 1252.5 1022.85 786.855 709.09
internal_count=2483 841 1642 1121 349 772 274 547 401 567 240 521 239 454 225 418 349 261 243
is_linear=0
shrinkage=0.04


Tree=8
num_leaves=20
num_cat=0
split_feature=16 22 22 16 9 6 27 23 0 15 23 17 17 15 19 20 19 9 0
split_gain=13.1824 7.46866 7.3818 7.71302 8.25511 8.13099 4.58204 4.54298 3.77439 3.75988 7.76327 3.65968 3.17705 2.43965 2.27725 2.09655 1.82515 1.50321 0.4726
threshold=3.2678500000000006 5.5000000000000009 3.5000000000000004 3.8819500000000002 0.63070000000000015 0.11805000000000002 3.2757500000000004 0.22475000000000003 2.1000000000000005 3.7083500000000007 0.19755000000000003 0.45000000000000007 1.0000000180025095e-35 3.9000000000000004 0.36665000000000009 0.41430000000000006 0.29165000000000002 0.89445000000000008 0.63335000000000008
decision_type=2 2 2 2 2 2 2 2 2 2 2 2 2 2 2 2 2 2 2
left_child=1 7 11 4 -4 -5 -3 12 -7 10 -6 -2 -1 -13 18 -11 -15 -12 -14
right_child=2 6 3 5 9 8 -8 -9 -10 15 17 13 14 16 -16 -17 -18 -19 -20
leaf_value=-0.0063723604411355982 -0.0049350976879075073 -0.0020846997612716011 0.0056043414805606803 0.01024931131707533 0.0052196097147569525 -0.00012328842163651614 0.0038750154635385507 -0.0080315621773631458 0.0055882381845627736 -0.00018075040521087161 -0.0036030154025450622 -0.0022983786774903306 -0.0038225880665564288 -0.00070325868166702915 0.0011469085834170576 -0.0045068736703762092 0.0031557771159605452 0.00028803429949385279 -0.0017257922064519246
leaf_weight=299.45776081085205 297.42139410972595 416.22812032699585 505.73757767677307 344.04061985015869 465.65362358093262 360.68669605255127 409.46267175674438 324.54772186279297 380.32897043228149 345.48172855377197 305.0356068611145 464.5593204498291 411.45018672943115 367.4292049407959 314.13132810592651 372.47977733612061 420.51872253417969 331.48985028266907 295.51837754249573
leaf_count=105 103 140 166 109 153 118 134 113 122 116 101 157 142 124 106 125 137 111 101
internal_value=0.000153652 -0.00223347 0.00134258 0.00238269 0.00108351 0.00516755 0.000870742 -0.00379149 0.00280817 -0.000172625 0.00129467 -0.000946412 -0.00274943 7.44384e-07 -0.00168693 -0.00242515 0.00135626 -0.00157663 -0.00294611
internal_weight=7431.66 2470.8 4960.86 3410.93 2325.88 1085.06 825.691 1645.11 741.016 1820.14 1102.18 1549.93 1320.56 1252.51 1021.1 717.962 787.948 636.525 706.969
internal_count=2483 841 1642 1121 772 349 274 567 240 606 365 521 454 418 349 241 261 212 243
is_linear=0
shrinkage=0.04


Tree=9
num_leaves=20
num_cat=0
split_feature=16 22 18 25 11 23 27 21 25 22 23 15 19 18 7 2 17 19 0
split_gain=12.6731 7.21241 7.1208 5.68995 8.81685 4.42911 4.38998 4.00977 3.78105 11.3352 5.09009 3.45676 4.66878 3.20302 4.3066 5.72053 3.08568 2.19542 0.457933
threshold=3.2678500000000006 5.5000000000000009 0.18335000000000004 11.590450000000002 0.13395000000000004 0.22475000000000003 3.2757500000000004 1.0000000180025095e-35 5.5125000000000011 4.5000000000000009 0.23905000000000001 3.7083500000000007 0.22500000000000003 0.61250000000000016 0.70835000000000015 1.7889000000000002 1.0000000180025095e-35 0.36665000000000009 0.63335000000000008
decision_type=2 2 2 2 2 2 2 2 2 2 2 2 2 2 2 2 2 2 2
left_child=1 5 -2 7 -5 16 -3 -4 9 11 -11 -9 -13 -10 -15 -16 -1 18 -18
right_child=2 6 3 4 -6 -7 -8 8 13 10 -12 12 -14 14 15 -17 17 -19 -20
leaf_value=-0.0062861163556118677 -0.0046374007004978826 -0.0020475977869358875 0.0045438758539700138 0.0097996406733063812 0.0006051844100688242 -0.0079361512910402013 0.0037832067205126698 -0.0035728434179332011 0.0025103947926035492 0.0080363818598905741 0.0016305799832405706 -0.0025590309124913671 0.0033300148795911751 0.0018526914472547782 -0.0068660336351847985 0.00018114672502716933 -0.0037611533182638876 0.0011228256539255656 -0.0016944634315148996
leaf_weight=297.55556726455688 302.11458969116211 415.36131072044373 483.46215343475342 327.68036675453186 340.03308153152466 321.95154118537903 411.05242419242859 422.33024907112122 325.38047814369202 483.15768790245056 336.83831024169922 374.47163558006287 507.04020071029663 320.49948358535767 409.31330752372742 335.25307154655457 409.88038182258606 314.49181747436523 295.00881290435791
leaf_count=105 104 140 160 106 112 113 134 143 107 157 111 126 165 105 136 110 142 106 101
internal_value=0.000150374 -0.00219418 0.00131392 0.00169931 0.00511736 -0.00373052 0.000852604 0.00112841 0.000658547 0.00172015 0.005405 -0.000597275 0.000828312 -0.000963006 -0.00202414 -0.00369293 -0.00270237 -0.00165628 -0.00289621
internal_weight=7432.88 2465.3 4967.57 4665.46 667.713 1638.89 826.414 3997.75 3514.28 2123.84 819.996 1303.84 881.512 1390.45 1065.07 744.566 1316.94 1019.38 704.889
internal_count=2483 841 1642 1538 218 567 274 1320 1160 702 268 434 291 458 351 246 454 349 243
is_linear=0
shrinkage=0.04


Tree=10
num_leaves=19
num_cat=0
split_feature=22 16 22 22 23 25 0 27 4 17 23 0 7 17 29 16 8 22
split_gain=13.3386 13.3044 9.13572 7.30344 8.02832 5.67506 4.72675 4.4098 4.04151 3.55301 3.94491 3.70105 5.34859 4.29702 3.63954 2.19336 1.5165 0.175097
threshold=6.5000000000000009 3.9500000000000006 3.5000000000000004 10.500000000000002 0.26205000000000006 11.590450000000002 1.6333500000000003 1.4605500000000002 0.29285000000000005 1.0000000180025095e-35 0.27385000000000009 0.77500000000000013 0.63335000000000008 0.63335000000000008 2.9000000000000004 3.5857000000000006 0.88195000000000012 2.5000000000000004
decision_type=2 2 2 2 2 2 2 2 2 2 2 2 2 2 2 2 2 2
left_child=1 9 6 4 5 7 -3 -2 -9 -1 11 14 -13 -14 17 -15 -6 -11
right_child=3 2 -4 -5 16 -7 -8 8 -10 10 -12 12 13 15 -16 -17 -18 -19
leaf_value=-0.0061351151799595048 0.0068212307351567091 0.0026801880763080749 0.0065426147364908592 -0.0029884523061872955 -0.002235609762709929 0.0092853013193296922 -0.0027645772108772847 -0.0016519647899514802 0.0040362388133118919 -0.0045427149913060249 -0.0055653066881872753 0.0037710519318142374 0.0016463552909836052 -0.0048744578147816601 0.0001069714896799848 -0.00057511153704487992 0.0015985837022750682 -0.0058928201337847073
leaf_weight=381.69337558746338 430.20999336242676 495.04071807861328 484.73782205581665 346.07489967346191 356.25541567802429 348.55740737915039 526.35165214538574 325.07026338577271 518.83602786064148 297.63658475875854 433.6238796710968 392.64693999290466 431.4319064617157 515.04593729972839 304.45083618164062 300.70041418075562 307.52032899856567 317.81044292449951
leaf_count=135 140 167 155 114 119 112 175 106 170 103 149 130 146 175 103 101 102 108
internal_value=0.000132077 -0.00110562 0.00202049 0.00242698 0.00324666 0.00476261 -0.00012565 0.00352535 0.00184516 -0.00250066 -0.00203721 -0.00143954 -0.000300351 -0.00158214 -0.00347029 -0.00328963 -0.000459268 -0.0052399
internal_weight=7513.69 4881.17 1506.13 2632.52 2286.45 1622.67 1021.39 1274.12 843.906 3375.04 2993.35 2559.72 1639.83 1247.18 919.898 815.746 663.776 615.447
internal_count=2510 1647 497 863 749 528 342 416 276 1150 1015 866 552 422 314 276 221 211
is_linear=0
shrinkage=0.04


Tree=11
num_leaves=20
num_cat=0
split_feature=22 16 22 22 24 18 17 0 18 6 20 18 16 25 7 24 24 8 22
split_gain=12.7948 12.8013 8.70169 6.99695 7.65348 8.98823 13.8741 4.54181 4.0098 4.48855 10.5846 3.33663 2.84547 3.63432 2.81645 2.28624 4.15528 1.45847 0.782605
threshold=6.5000000000000009 3.9500000000000006 3.5000000000000004 10.500000000000002 0.26205000000000006 1.1339500000000002 0.77500000000000013 1.6333500000000003 0.15480000000000002 0.18335000000000004 0.58570000000000011 0.52780000000000016 3.3875000000000006 5.2714500000000006 0.90000000000000013 0.23905000000000001 0.13245000000000004 0.88195000000000012 2.5000000000000004
decision_type=2 2 2 2 2 2 2 2 2 2 2 2 2 2 2 2 2 2 2
left_child=1 8 7 4 5 6 11 -3 -1 12 -11 -2 15 -14 -8 16 18 -6 -10
right_child=3 2 -4 -5 17 -7 14 -9 9 10 -12 -13 13 -15 -16 -17 -18 -19 -20
leaf_value=-0.0063657713153886328 0.0042941729703641638 0.0026198476270797503 0.0063704141649532928 -0.0029379469198522676 -0.0021961567781306579 0.010061274073557129 0.0014481716240303351 -0.0027172406722864744 -0.0032661749158485261 0.0062133139178635038 -0.0038417928687673642 0.010143217974935127 -0.0033171458466627092 0.0018396253112027453 -0.0039050531379761556 -0.0069807568268991432 0.00055714584058203182 0.0015643022373925508 -0.0058135806560692263
leaf_weight=373.39858198165894 309.63359951972961 496.36929988861084 487.91967487335205 345.04221630096436 355.4598548412323 376.94630932807922 320.95221519470215 524.89851999282837 344.63566851615906 317.52452039718628 354.52096724510193 314.59713912010193 490.74515318870544 394.41483902931213 308.30237603187561 304.2850980758667 348.66823744773865 308.01231908798218 438.43942332267761
leaf_count=133 100 167 155 114 119 122 104 175 120 107 120 102 165 131 100 106 118 102 150
internal_value=0.000129226 -0.00108503 0.00197615 0.00237274 0.00317156 0.00464544 0.00301679 -0.000123243 -0.00245729 -0.00196972 0.000908991 0.00724195 -0.00280319 -0.00101936 -0.00117463 -0.00390273 -0.00307515 -0.00045039 -0.00469245
internal_weight=7514.77 4875.82 1509.19 2638.95 2293.9 1630.43 1253.49 1021.27 3366.63 2993.23 672.045 624.231 2321.19 885.16 629.255 1436.03 1131.74 663.472 783.075
internal_count=2510 1647 497 863 749 528 406 342 1150 1017 227 202 790 296 204 494 388 221 270
is_linear=0
shrinkage=0.04


Tree=12
num_leaves=19
num_cat=0
split_feature=22 16 22 22 23 18 18 16 0 18 6 20 16 25 23 23 9 22
split_gain=12.2731 12.3172 8.29008 6.70359 7.29699 8.48121 13.3861 5.46479 4.36416 3.89424 4.32849 10.1346 2.75502 3.50022 2.22753 4.02108 1.40264 0.762374
threshold=6.5000000000000009 3.9500000000000006 3.5000000000000004 10.500000000000002 0.26205000000000006 1.1339500000000002 0.70715000000000006 3.6833500000000003 1.6333500000000003 0.15480000000000002 0.18335000000000004 0.58570000000000011 3.3875000000000006 5.2714500000000006 0.23905000000000001 0.13245000000000004 0.88195000000000012 2.5000000000000004
decision_type=2 2 2 2 2 2 2 2 2 2 2 2 2 2 2 2 2 2
left_child=1 9 8 4 5 6 -2 -8 -3 -1 12 -12 14 -14 15 17 -6 -11
right_child=3 2 -4 -5 16 -7 7 -9 -10 10 11 -13 13 -15 -16 -17 -18 -19
leaf_value=-0.0062795742823522583 0.0075129280579128536 0.0025610221467970984 0.006203825053399995 -0.0028881476442196579 -0.0021573141876842397 0.0097617029969276556 -0.0040170642293756191 0.0031250420238443499 -0.0026705871131242958 -0.0032118767069018095 0.006051793329847923 -0.0037801227056934897 -0.0032621682809237085 0.001799736530873369 -0.0068905115512426767 0.00054577191689064394 0.0015308090177317158 -0.0057316629546419222
leaf_weight=371.02916383743286 565.4517662525177 497.67141890525818 491.03784370422363 344.02998566627502 354.68006753921509 380.75801372528076 378.63614082336426 313.20070457458496 523.4741690158844 343.51186466217041 319.50354409217834 353.16158413887024 489.11997532844543 395.1410801410675 302.16835379600525 348.86255121231079 308.49451971054077 435.89791512489319
leaf_count=133 182 167 155 114 119 122 123 101 175 120 107 120 165 131 106 118 102 150
internal_value=0.000126394 -0.00106483 0.00193289 0.00231974 0.00309831 0.0045315 0.00294758 -0.000783769 -0.00012088 -0.00241461 -0.00193458 0.000889856 -0.00275538 -0.0010002 -0.00384038 -0.00302351 -0.000441679 -0.00462111
internal_weight=7515.83 4870.58 1512.18 2645.25 2301.22 1638.05 1257.29 691.837 1021.15 3358.4 2987.37 672.665 2314.7 884.261 1430.44 1128.27 663.175 779.41
internal_count=2510 1647 497 863 749 528 406 224 342 1150 1017 227 790 296 494 388 221 270
is_linear=0
shrinkage=0.04


Tree=13
num_leaves=20
num_cat=0
split_feature=22 16 22 22 23 18 17 0 18 6 20 18 7 16 25 23 23 8 22
split_gain=11.7732 11.8512 7.89961 6.42305 6.95839 8.0067 12.8245 4.1935 3.7814 4.17387 9.70491 3.24978 2.72707 2.6671 3.37095 2.16987 3.89078 1.34893 0.74251
threshold=6.5000000000000009 3.9500000000000006 3.5000000000000004 10.500000000000002 0.26205000000000006 1.1339500000000002 0.77500000000000013 1.6333500000000003 0.15480000000000002 0.18335000000000004 0.58570000000000011 0.52780000000000016 0.90000000000000013 3.3875000000000006 5.2714500000000006 0.23905000000000001 0.13245000000000004 0.88195000000000012 2.5000000000000004
decision_type=2 2 2 2 2 2 2 2 2 2 2 2 2 2 2 2 2 2 2
left_child=1 8 7 4 5 6 11 -3 -1 13 -11 -2 -8 15 -15 16 18 -6 -10
right_child=3 2 -4 -5 17 -7 12 -9 9 10 -12 -13 -14 14 -16 -17 -18 -19 -20
leaf_value=-0.0061940050518582259 0.00401061914205435 0.0025036661124521794 0.0060426091184085122 -0.0028390496480225945 -0.0021190753063753402 0.0094739182629483797 0.0014115602918444929 -0.0026246109333659868 -0.0031583078501043046 0.0058954335042744254 -0.00371921081051802 0.0097469476195534976 -0.0038577982036694146 -0.0032079238042740333 0.0017607836588439752 -0.0068008130148637935 0.00053463607493667862 0.0014980836503199297 -0.0056504319112732973
leaf_weight=368.70655751228333 313.31114053726196 498.94759821891785 494.09362745285034 343.03780937194824 353.91573333740234 384.49305963516235 321.50453042984009 522.07805681228638 342.41032147407532 321.44297480583191 351.82911348342896 318.80733823776245 307.39214181900024 487.52698278427124 395.85287189483643 300.09341597557068 349.05300354957581 308.96712803840637 433.40664267539978
leaf_count=133 100 167 155 114 119 122 104 175 120 107 120 102 100 165 131 106 118 102 150
internal_value=0.00012363 -0.00104497 0.00189065 0.00226805 0.00302699 0.00442088 0.00288017 -0.000118561 -0.00237256 -0.00189999 0.000871147 0.00690372 -0.001164 -0.00270825 -0.000981388 -0.00377879 -0.00297257 -0.000433132 -0.00455052
internal_weight=7516.87 4865.44 1515.12 2651.43 2308.39 1645.51 1261.02 1021.03 3350.32 2981.62 673.272 632.118 628.897 2308.34 883.38 1424.96 1124.87 662.883 775.817
internal_count=2510 1647 497 863 749 528 406 342 1150 1017 227 202 204 790 296 494 388 221 270
is_linear=0
shrinkage=0.04


Tree=14
num_leaves=18
num_cat=0
split_feature=22 16 22 29 23 18 7 0 18 6 20 29 27 16 20 18 22
split_gain=11.294 11.4027 7.52906 6.26893 8.69048 7.63644 7.59486 4.02955 3.67122 4.02454 9.29452 2.60619 3.1175 2.14859 2.75506 1.53308 1.30964
threshold=6.5000000000000009 3.9500000000000006 3.5000000000000004 6.1000000000000005 0.26205000000000006 1.1339500000000002 0.90000000000000013 1.6333500000000003 0.15480000000000002 0.18335000000000004 0.58570000000000011 3.3000000000000003 1.5441000000000003 3.3166500000000005 0.23610000000000003 0.76390000000000013 3.5000000000000004
decision_type=2 2 2 2 2 2 2 2 2 2 2 2 2 2 2 2 2
left_child=1 8 7 4 5 6 -2 -3 -1 11 -11 13 -13 16 -15 -5 -10
right_child=3 2 -4 15 -6 -7 -8 -9 9 10 -12 12 -14 14 -16 -17 -18
leaf_value=-0.0061090740533047572 0.0066562789586645937 0.0024477364450185726 0.0058865410865317908 0.00064649961623550287 -0.00080431314749986147 0.010214834643756844 5.3386275459232891e-05 -0.0025793063094745857 -0.0036042880884691233 0.0057440207714985082 -0.0036590553546386492 0.0022559199655160455 -0.0029174914964008674 0.00021949391463461091 -0.004879322894791439 -0.0033546495985161563 -0.0067901125334340175
leaf_weight=366.42984104156494 556.56756973266602 500.19836592674255 497.08828091621399 310.09397268295288 591.84329628944397 337.78564620018005 558.32266712188721 520.70960426330566 482.19079375267029 323.34361815452576 350.5230176448822 320.08199858665466 446.12506866455078 396.35698080062866 296.31430268287659 302.86945915222168 361.04121804237366
leaf_count=133 178 167 155 102 197 106 180 175 170 107 120 109 152 134 100 100 125
internal_value=0.00012093 -0.00102547 0.00184942 0.00221764 0.00328139 0.00494598 0.00334964 -0.000116285 -0.00233114 -0.00186596 0.000852853 -0.0026618 -0.000756306 -0.00361239 -0.0019617 -0.0013305 -0.00496834
internal_weight=7517.89 4860.4 1518 2657.48 2044.52 1452.68 1114.89 1020.91 3342.41 2975.98 673.867 2302.11 766.207 1535.9 692.671 612.963 843.232
internal_count=2510 1647 497 863 661 464 358 342 1150 1017 227 790 261 529 234 202 295
is_linear=0
shrinkage=0.04


Tree=15
num_leaves=17
num_cat=0
split_feature=20 23 25 21 16 21 29 29 20 16 4 17 16 19 16 18
split_gain=10.7066 8.4565 9.50639 7.2328 6.4037 6.39099 5.48151 4.28274 3.7945 3.47992 3.96077 3.56727 4.07468 3.49585 2.51414 2.182
threshold=0.10555000000000002 0.27640000000000003 11.145000000000001 1.0000000180025095e-35 3.3166500000000005 1.5000000000000002 4.1000000000000005 3.1000000000000005 0.26785000000000009 3.7321500000000003 0.43650000000000005 0.63335000000000008 3.4722000000000004 0.55000000000000016 3.8944500000000004 0.8660500000000001
decision_type=2 2 2 2 2 2 2 2 2 2 2 2 2 2 2 2
left_child=4 2 3 -2 15 14 -3 -4 -5 11 -11 13 -13 -10 -6 -1
right_child=1 6 7 8 5 -7 -8 -9 9 10 -12 12 -14 -15 -16 -17
leaf_value=-0.0066942870447428936 0.005651304839601615 -0.0047343502994100645 0.002973833238829287 0.0032010557194851442 0.00027410934157186723 0.0043596174487193521 0.0010268075945077805 0.0088745591893436941 -0.0021927885307321546 0.0037300639335943395 -0.0010563146807820289 -0.0011184357305412793 -0.0069642642177011336 0.0035383644467183806 -0.0041636796963677577 -0.0027836889841310877
leaf_weight=476.87298536300659 459.34273862838745 586.94980931282043 409.85678601264954 580.9802360534668 363.50054407119751 330.26422524452209 480.60767579078674 378.59318232536316 366.71031785011292 549.30439329147339 557.23644614219666 473.72692346572876 319.40094041824341 317.92458033561707 466.24998044967651 437.94620513916016
leaf_count=170 151 198 132 190 123 111 161 121 123 177 181 159 107 108 156 155
internal_value=0.000127408 0.00105388 0.00182667 0.000960802 -0.00231984 -0.000346419 -0.00214071 0.00580721 0.000280121 -0.000376538 0.00131972 -0.00164669 -0.00347261 0.000468593 -0.00221955 -0.00482219
internal_weight=7555.47 5480.63 4413.08 3624.63 2074.83 1160.01 1067.56 788.45 3165.28 2584.3 1106.54 1477.76 793.128 684.635 829.751 914.819
internal_count=2523 1808 1449 1196 715 390 359 253 1045 855 358 497 266 231 279 325
is_linear=0
shrinkage=0.04


Tree=16
num_leaves=21
num_cat=0
split_feature=22 23 29 17 25 5 29 23 6 9 10 15 5 4 0 23 7 0 29 4
split_gain=12.98 8.28296 8.23363 5.97559 4.84614 6.31721 7.22875 4.76206 4.45681 4.28278 3.17926 2.33939 2.32821 1.66601 1.57451 1.40471 1.16482 1.08725 0.964389 0.470969
threshold=4.5000000000000009 0.26205000000000006 6.1000000000000005 0.22500000000000003 11.145000000000001 0.10555000000000002 1.9000000000000001 0.14905000000000004 0.18335000000000004 0.88195000000000012 0.29165000000000002 3.9000000000000004 0.23610000000000003 0.35415000000000002 1.2916500000000002 0.20415000000000003 0.70835000000000015 0.22500000000000003 4.1000000000000005 0.18335000000000004
decision_type=2 2 2 2 2 2 2 2 2 2 2 2 2 2 2 2 2 2 2 2
left_child=3 2 4 14 5 -2 -7 -8 11 18 -10 15 -9 -6 -1 16 17 -5 -3 -13
right_child=1 9 -4 8 13 6 7 12 10 -11 -12 19 -14 -15 -16 -17 -18 -19 -20 -21
leaf_value=-0.0032678755690971708 0.0063394376006242151 -0.0052652721447272299 -0.0023506164809152367 -0.0046322407494721416 0.0084612913672082752 0.0059190512199499548 -0.0046482608963895559 -0.00077599889333604876 0.0046755011910463466 0.0013624184760213406 -0.00036637954753447935 0.001080820019183482 0.003779358582811579 0.0044589989698476983 -0.0074434661886793544 -0.00060279079753577935 -0.0057024273192566822 -0.0014224603075096319 -0.002043031384126585 -0.0010778807918754958
leaf_weight=282.0035343170166 515.9744119644165 295.92810988426208 440.82053637504578 291.50745296478271 340.33895659446716 377.00044012069702 315.47501182556152 406.55063509941101 311.34223008155823 505.04501819610596 560.08523225784302 313.21271991729736 321.45132684707642 325.62561178207397 296.29758214950562 307.36287760734558 316.36217784881592 401.28080558776855 298.53458476066589 334.29983115196228
leaf_count=102 168 101 144 103 108 121 102 132 102 167 187 104 104 103 107 108 110 140 101 109
internal_value=0.00012468 0.00162959 0.00270466 -0.00170159 0.00356097 0.00254871 0.00117177 -0.000543388 -0.000945802 -0.00134603 0.00143498 -0.00200214 0.00123543 0.00650436 -0.00540728 -0.00297031 -0.00369139 -0.00277305 -0.00364709 -3.36809e-05
internal_weight=7556.5 4142.74 3043.24 3413.75 2602.42 1936.45 1420.48 1043.48 2835.45 1099.51 871.427 1964.03 728.002 665.965 578.301 1316.51 1009.15 692.788 594.463 647.513
internal_count=2523 1351 982 1172 838 627 459 338 963 369 289 674 236 211 209 461 353 243 202 213
is_linear=0
shrinkage=0.04


Tree=17
num_leaves=20
num_cat=0
split_feature=22 23 29 17 25 5 29 23 9 15 19 19 5 17 7 4 0 29 0
split_gain=12.4681 7.93271 7.87821 5.78759 4.59659 6.00743 6.89859 4.59313 4.12954 3.73822 3.92567 2.79021 2.22704 2.08107 3.00849 1.56921 1.53745 0.93679 0.843146
threshold=4.5000000000000009 0.26205000000000006 6.1000000000000005 0.22500000000000003 11.145000000000001 0.10555000000000002 1.9000000000000001 0.14905000000000004 0.88195000000000012 3.7083500000000007 0.22500000000000003 0.90000000000000013 0.23610000000000003 0.63335000000000008 0.63335000000000008 0.35415000000000002 1.2916500000000002 4.1000000000000005 0.22500000000000003
decision_type=2 2 2 2 2 2 2 2 2 2 2 2 2 2 2 2 2 2 2
left_child=3 2 4 16 5 -2 -7 -8 17 13 -11 -12 -9 -5 18 -6 -1 -3 -15
right_child=1 8 -4 9 15 6 7 12 -10 10 11 -13 -14 14 -16 -17 -18 -19 -20
leaf_value=-0.0032135546503687935 0.0061738516100372023 -0.0051882062406486519 -0.0023094021585514999 0.00013727345010839542 0.0082226387082100418 0.0057668942149322932 -0.0045773723298329662 -0.00076118133258889348 0.0013335196996687635 -0.0019990139258250304 0.0051513192789580812 0.0001143047139257658 0.0036901726280201734 -0.0027355283289970229 -0.0052150403950059097 0.0043507868216230974 -0.007350673853380894 -0.0020065865171716964 0.00016981743772254989
leaf_weight=281.08348441123962 519.25578880310059 294.37406373023987 439.78555274009705 455.98436713218689 343.23088145256042 379.23854088783264 314.01200294494629 406.23527383804321 505.73357009887695 481.40440440177917 359.78799438476562 344.3836977481842 322.66850590705872 298.92776298522949 548.86646175384521 327.08081722259521 294.10028719902039 297.92529153823853 343.42939901351929
leaf_count=102 168 101 144 159 108 121 102 132 167 161 115 112 104 106 191 103 107 101 119
internal_value=0.000122011 0.00159439 0.0026435 -0.00167075 0.00347751 0.00249147 0.00114697 -0.000532992 -0.00132116 -0.000927977 0.000784777 0.00268791 0.00120933 -0.00216073 -0.00304037 0.00633336 -0.00532893 -0.00358786 -0.00118222
internal_weight=7557.51 4149.54 3051.51 3407.97 2611.72 1941.41 1422.15 1042.92 1098.03 2832.78 1185.58 704.172 728.904 1647.21 1191.22 670.312 575.184 592.299 642.357
internal_count=2523 1351 982 1172 838 627 459 338 369 963 388 227 236 575 416 211 209 202 225
is_linear=0
shrinkage=0.04


Tree=18
num_leaves=21
num_cat=0
split_feature=22 23 29 18 25 5 29 23 6 9 10 15 5 0 4 23 8 0 29 4
split_gain=11.9766 7.59785 7.53893 5.60474 4.36127 5.71428 6.58462 4.42996 4.22753 3.98155 3.01529 2.21182 2.13049 1.50092 1.47882 1.35514 1.10669 1.03557 0.909822 0.47304
threshold=4.5000000000000009 0.26205000000000006 6.1000000000000005 0.23610000000000003 11.145000000000001 0.10555000000000002 1.9000000000000001 0.14905000000000004 0.18335000000000004 0.88195000000000012 0.29165000000000002 3.9000000000000004 0.23610000000000003 1.2916500000000002 0.35415000000000002 0.20415000000000003 0.73215000000000019 0.22500000000000003 4.1000000000000005 0.18335000000000004
decision_type=2 2 2 2 2 2 2 2 2 2 2 2 2 2 2 2 2 2 2 2
left_child=3 2 4 13 5 -2 -7 -8 11 18 -10 15 -9 -1 -6 16 17 -5 -3 -13
right_child=1 9 -4 8 14 6 7 12 10 -11 -12 19 -14 -15 -16 -17 -18 -19 -20 -21
leaf_value=-0.0031599633697353296 0.0060135966786821638 -0.0051118704106407533 -0.0022688160989590904 -0.0045264231781136279 0.0079926442662982371 0.0056195123834211162 -0.0045072420925818656 -0.00074663556383699288 0.0045493726485716672 0.0013052720760374594 -0.00035324404399134714 0.00108722415478348 0.0036034160731431043 -0.0072583578680414365 0.0042456648824026532 -0.0005609326784294786 -0.0055700612531281429 -0.0013862658816777109 -0.001970719254923343 -0.0010764288392125876
leaf_weight=280.1816577911377 522.47151470184326 292.85074400901794 438.77108240127563 289.4961998462677 346.06477928161621 381.43188881874084 312.57793807983398 405.9261748790741 312.95077896118164 506.40842413902283 559.70814728736877 313.11698007583618 323.86140775680542 291.9463837146759 328.50697612762451 306.69635033607483 313.43245077133179 400.4947452545166 297.32807922363281 334.27399826049805
leaf_count=102 168 101 144 103 108 121 102 132 102 167 187 104 104 107 103 108 110 140 101 109
internal_value=0.000119397 0.00156001 0.00258388 -0.00164043 0.0033963 0.00243566 0.00112272 -0.000522788 -0.000910485 -0.00129672 0.00140492 -0.00194269 0.00118381 -0.0052513 0.00616792 -0.00288786 -0.00359909 -0.00270377 -0.00352938 -2.99569e-05
internal_weight=7558.5 4156.2 3059.61 3402.3 2620.84 1946.27 1423.8 1042.37 2830.17 1096.59 872.659 1957.51 729.788 572.128 674.572 1310.12 1003.42 689.991 590.179 647.391
internal_count=2523 1351 982 1172 838 627 459 338 963 369 289 674 236 209 211 461 353 243 202 213
is_linear=0
shrinkage=0.04


Tree=19
num_leaves=20
num_cat=0
split_feature=22 23 29 17 25 2 15 6 9 4 10 0 15 0 25 22 4 29 4
split_gain=11.5045 7.27765 7.21501 5.42702 4.13926 5.50065 6.30119 4.06717 3.83865 3.63246 2.88026 2.17413 2.13534 1.46516 1.42567 1.35035 1.9654 0.883477 0.454443
threshold=4.5000000000000009 0.26205000000000006 6.1000000000000005 0.22500000000000003 11.145000000000001 1.3166500000000003 3.9000000000000004 0.18335000000000004 0.88195000000000012 0.21110000000000004 0.29165000000000002 1.7750000000000001 3.9000000000000004 1.2250000000000003 13.793500000000002 3.5000000000000004 0.23610000000000003 4.1000000000000005 0.18335000000000004
decision_type=2 2 2 2 2 2 2 2 2 2 2 2 2 2 2 2 2 2 2
left_child=3 2 4 13 5 9 11 12 17 -2 -9 -7 15 -1 -6 16 -5 -3 -14
right_child=1 8 -4 7 14 6 -8 10 -10 -11 -12 -13 18 -15 -16 -17 -18 -19 -20
leaf_value=-0.0030870874263307447 0.002640433307558308 -0.0050362693957806317 -0.0022288518931128081 -0.0033915010144039697 0.0078001433511163919 -0.0040840301163320263 0.0046803275332513647 0.0044385619753121329 0.0012776591971495588 0.0078409333228032247 -0.00034635103565485359 0.00042001093395959435 0.0010644584882868896 -0.0071477437082034722 0.0041327631241507706 -0.0048898651149271973 0.00043513866887274051 -0.0019354230921416976 -0.0010561950947028825
leaf_weight=276.58024072647095 551.01693749427795 291.35755038261414 437.7767219543457 604.66571927070618 347.02697372436523 344.75367617607117 361.80305528640747 314.37775135040283 507.06985807418823 352.29130458831787 559.51047468185425 341.16529512405396 313.45758867263794 292.55245804786682 331.71953129768372 368.65012550354004 333.02869963645935 296.74270629882812 333.91436672210693
leaf_count=101 178 101 144 215 108 113 112 102 167 113 187 111 104 108 103 129 117 101 109
internal_value=0.000116848 0.00152643 0.00252577 -0.0016106 0.00331726 0.00238125 0.000409141 -0.000893293 -0.00127269 0.00466863 0.001375 -0.00184379 -0.00190789 -0.00517439 0.00600781 -0.00283881 -0.00203244 -0.00347165 -2.93743e-05
internal_weight=7559.46 4162.72 3067.55 3396.74 2629.78 1951.03 1047.72 2827.6 1095.17 903.308 873.888 685.919 1953.72 569.133 678.747 1306.34 937.694 588.1 647.372
internal_count=2523 1351 982 1172 838 627 336 963 369 291 289 224 674 209 211 461 332 202 213
is_linear=0
shrinkage=0.04


Tree=20
num_leaves=19
num_cat=0
split_feature=16 18 16 17 17 18 16 5 20 26 21 2 20 23 6 15 26 7
split_gain=11.0262 6.87036 5.6158 9.68582 6.03747 8.27199 5.43922 4.61251 5.59949 5.2971 4.19833 5.33361 7.10972 3.78533 4.8351 2.37181 2.15306 2.0762
threshold=2.3541500000000002 0.13395000000000004 3.8660500000000004 0.29165000000000002 0.55000000000000016 0.89445000000000008 2.7321500000000003 0.13395000000000004 0.13395000000000004 7.1735500000000014 1.5000000000000002 1.5635000000000001 0.43650000000000005 0.16165000000000004 1.0000000180025095e-35 3.2916500000000002 2.5129500000000005 0.77500000000000013
decision_type=2 2 2 2 2 2 2 2 2 2 2 2 2 2 2 2 2 2
left_child=16 -2 3 -3 -4 -6 -5 8 15 -10 11 17 -13 14 -7 -8 -1 -9
right_child=1 2 4 6 5 13 7 10 9 -11 -12 12 -14 -15 -16 -17 -18 -19
leaf_value=-0.002746366478558923 -0.0043632395880173671 0.0064127456284552619 -0.0024384329522475459 0.0046435883693168329 0.0081197791912904858 0.00055424010057365173 -0.0044855430804758376 -0.0035739484802730127 -0.0004142975516191187 0.0054770641427408862 0.0010290208853095104 0.0035829376511593552 -0.003869523896255174 -0.0016751160495148915 0.0065072440288918591 -9.9125095533395848e-05 -0.0073997229587192612 -0.007968421471504495
leaf_weight=315.47499990463257 451.60787558555603 342.51583003997803 332.85548949241638 295.4257915019989 447.41144204139709 493.69045829772949 343.35056519508362 324.13590383529663 487.42578911781311 489.33571338653564 472.89848661422729 317.32018136978149 577.72068023681641 360.67149877548218 391.3440728187561 463.4622049331665 320.93226480484009 366.54085254669189
leaf_count=114 164 113 107 101 140 162 122 107 163 158 157 105 193 114 123 156 112 123
internal_value=-5.33488e-05 0.000407617 0.000738776 -5.14958e-05 0.00248634 0.00345452 -0.000586612 -0.000988762 0.000500192 0.00253714 -0.00227878 -0.00326525 -0.00122739 0.00177893 0.00318654 -0.00196583 -0.005093 -0.00590609
internal_weight=7594.12 6957.71 6506.1 4480.13 2025.97 1693.12 4137.62 3842.19 1783.57 976.762 2058.62 1585.72 895.041 1245.71 885.035 806.813 636.407 690.677
internal_count=2534 2308 2144 1498 646 539 1385 1284 599 321 685 528 298 399 285 278 226 230
is_linear=0
shrinkage=0.04


Tree=21
num_leaves=20
num_cat=0
split_feature=22 16 9 15 29 2 18 8 16 7 22 6 20 23 23 20 16 0 0
split_gain=12.4791 9.47532 5.51376 9.49332 5.34896 5.69535 5.3213 3.77512 3.33448 2.62761 3.04996 2.06222 3.8556 2.66885 4.67874 2.29113 2.45706 1.12509 0.759599
threshold=6.5000000000000009 3.9500000000000006 1.1742500000000002 3.7750000000000004 4.9000000000000012 1.3166500000000003 0.58570000000000011 0.8660500000000001 2.3541500000000002 0.77500000000000013 3.5000000000000004 0.18335000000000004 0.58570000000000011 0.26845000000000002 0.20415000000000003 0.47220000000000006 3.3875000000000006 0.55000000000000016 0.63335000000000008
decision_type=2 2 2 2 2 2 2 2 2 2 2 2 2 2 2 2 2 2 2
left_child=1 8 3 4 5 -2 -3 -5 18 -8 -11 13 -13 14 15 16 17 -10 -1
right_child=2 6 -4 7 -6 -7 9 -9 11 10 -12 12 -14 -15 -16 -17 -18 -19 -20
leaf_value=-0.0037592961141505853 0.0081026540779211946 -0.0025581098055085993 0.0061022713435160414 -0.005372633615053469 9.3842535558452431e-05 0.0014863538471251902 0.0057685732435070252 0.0001873665452480071 -0.0038538584129067712 -0.00050677845888418384 0.0043837687046351693 0.0032462822242452483 -0.0028554584033043677 -0.0059833093501168721 0.0015249458094806149 -5.9903845054093012e-05 -0.001661357213765457 -0.0072435132177661845 -0.006671711752076535
leaf_weight=288.12509679794312 490.59456253051758 416.05745530128479 469.85090947151184 334.00551962852478 503.07520627975464 361.59646773338318 324.5944402217865 470.8046567440033 309.81500911712646 489.75458288192749 349.73137855529785 320.21193790435791 343.36876082420349 296.82777261734009 475.02477741241455 311.05599737167358 437.31326222419739 316.95974922180176 285.02769708633423
leaf_count=104 156 143 150 108 165 117 105 151 111 161 106 106 118 105 159 107 148 112 102
internal_value=-5.25013e-05 -0.00123278 0.00217522 0.00132102 0.0033645 0.00529527 0.00132461 -0.0021201 -0.00242703 0.00271235 0.00153063 -0.00185999 8.89464e-05 -0.00246236 -0.00189748 -0.00307972 -0.00396247 -0.00556801 -0.00520763
internal_weight=7593.8 4963.87 2629.93 2160.08 1355.27 852.191 1580.14 804.81 3383.73 1164.08 839.486 2810.58 663.581 2147 1850.17 1375.14 1064.09 626.775 573.153
internal_count=2534 1687 847 697 438 273 515 259 1172 372 267 966 224 742 637 478 371 223 206
is_linear=0
shrinkage=0.04


Tree=22
num_leaves=20
num_cat=0
split_feature=22 16 9 15 18 29 2 8 16 7 22 6 20 23 23 20 16 0 0
split_gain=11.977 9.12408 5.24589 9.09612 5.10429 5.09296 5.38936 3.6536 3.23416 2.4988 2.91397 1.9896 3.70216 2.59081 4.51053 2.21693 2.38733 1.09921 0.741361
threshold=6.5000000000000009 3.9500000000000006 1.1742500000000002 3.7750000000000004 0.58570000000000011 4.9000000000000012 1.3166500000000003 0.8660500000000001 2.3541500000000002 0.77500000000000013 3.5000000000000004 0.18335000000000004 0.58570000000000011 0.26845000000000002 0.20415000000000003 0.47220000000000006 3.3875000000000006 0.55000000000000016 0.63335000000000008
decision_type=2 2 2 2 2 2 2 2 2 2 2 2 2 2 2 2 2 2 2
left_child=1 8 3 5 -3 6 -2 -5 18 -6 -11 13 -13 14 15 16 17 -10 -1
right_child=2 4 -4 7 9 -7 -8 -9 11 10 -12 12 -14 -15 -16 -17 -18 -19 -20
leaf_value=-0.0036986420647359022 0.0078769702057411677 -0.0025137843717783852 0.0059443041407795895 -0.0052945704920026341 0.005621138911612469 9.1969806634728481e-05 0.0014546442137200921 0.00018361011686624133 -0.00379204092255836 -0.00049696659141876026 0.0042777074052870552 0.003171383234945307 -0.002806823595457929 -0.0059000114501205582 0.0014923546918840143 -5.8717542200896506e-05 -0.0016310919203620412 -0.0071517689784599912 -0.0065834063789457636
leaf_weight=287.04398488998413 494.58582711219788 414.99449181556702 472.72683119773865 332.21584057807922 326.47229814529419 503.12241911888123 362.13432788848877 470.89287853240967 308.62332034111023 489.50644683837891 351.26788401603699 321.25312471389771 342.38968467712402 295.05706357955933 475.74971604347229 311.0373637676239 436.58732962608337 314.67214274406433 283.13240480422974
leaf_count=104 156 143 150 108 105 165 117 151 111 161 106 106 118 105 159 107 148 112 102
internal_value=-5.16408e-05 -0.00120993 0.00212713 0.00129287 0.00129645 0.00328633 0.00516226 -0.00208251 -0.00238476 0.00265111 0.00149785 -0.00182657 8.7079e-05 -0.00241955 -0.00186344 -0.003028 -0.00389938 -0.00548821 -0.00513113
internal_weight=7593.47 4957.79 2635.68 2162.95 1582.24 1359.84 856.72 803.109 3375.55 1167.25 840.774 2805.37 663.643 2141.73 1846.67 1370.92 1059.88 623.295 570.176
internal_count=2534 1687 847 697 515 438 273 259 1172 372 267 966 224 742 637 478 371 223 206
is_linear=0
shrinkage=0.04


Tree=23
num_leaves=19
num_cat=0
split_feature=22 16 9 15 18 29 1 8 18 17 8 22 16 15 8 21 4 20
split_gain=11.4954 8.78554 4.99221 8.71616 4.89635 4.85026 5.10183 3.53559 3.14378 4.81359 2.36822 2.79767 2.01896 2.59826 1.46453 3.1745 2.78183 2.22168
threshold=6.5000000000000009 3.9500000000000006 1.1742500000000002 3.7750000000000004 0.58570000000000011 4.9000000000000012 1.3166500000000003 0.8660500000000001 0.15480000000000002 0.36665000000000009 0.78890000000000016 3.5000000000000004 2.3541500000000002 2.9000000000000004 0.64585000000000015 1.5000000000000002 0.26785000000000009 0.47220000000000006
decision_type=2 2 2 2 2 2 2 2 2 2 2 2 2 2 2 2 2 2
left_child=1 8 3 5 -3 6 -2 -5 -1 -10 -6 -12 -11 -14 15 -15 -16 -18
right_child=2 4 -4 7 10 -7 -8 -9 9 12 11 -13 13 14 16 -17 17 -19
leaf_value=-0.0058604454906714485 0.0076593184192416206 -0.0024701162228993011 0.0057913503499625509 -0.0052172301749877975 0.0054936151626646494 9.0134541871813765e-05 0.0014236565747512248 0.00017992958511261339 0.0028301097068611772 -0.005252839342449237 -0.0004873396585722339 0.0041729492381682711 0.0011356199660880293 -0.0032621228348791321 -0.0060413546962573344 0.0019666505587215368 8.7861190159337351e-05 -0.0042053055436805141
leaf_weight=362.78026509284973 498.49704933166504 413.95259857177734 475.54523348808289 330.46154880523682 324.95922875404358 503.16869449615479 362.66148734092712 470.97934579849243 306.69545292854309 358.64439058303833 489.2632360458374 356.12711358070374 352.39719343185425 481.89027786254883 431.1948504447937 302.33536529541016 390.95249152183533 380.63350510597229
leaf_count=137 156 143 150 108 104 165 117 151 106 128 161 107 122 165 148 104 132 130
internal_value=-5.07901e-05 -0.00118747 0.00208022 0.00126535 0.00126892 0.00321023 0.00503328 -0.0020455 -0.00234312 -0.00191845 0.00259142 0.00147584 -0.00245824 -0.00202981 -0.0025912 -0.00124632 -0.00346807 -0.00203001
internal_weight=7593.14 4951.83 2641.31 2165.77 1584.3 1364.33 861.159 801.441 3367.52 3004.74 1170.35 845.39 2698.05 2339.4 1987.01 784.226 1202.78 771.586
internal_count=2534 1687 847 697 515 438 273 259 1172 1035 372 268 929 801 679 269 410 262
is_linear=0
shrinkage=0.04


Tree=24
num_leaves=20
num_cat=0
split_feature=16 18 16 17 17 18 7 8 19 11 23 6 25 23 21 5 1 11 4
split_gain=9.73216 6.15349 4.90565 8.97297 5.374 7.55173 5.34927 6.28241 4.04063 5.32969 3.5302 4.62164 2.19611 2.16054 3.33379 5.07625 4.6305 2.12398 3.13673
threshold=2.3541500000000002 0.13395000000000004 3.8660500000000004 0.36665000000000009 0.55000000000000016 0.89445000000000008 0.63335000000000008 0.21110000000000004 1.0000000180025095e-35 0.15480000000000002 0.16165000000000004 1.0000000180025095e-35 2.5129500000000005 0.17315000000000003 1.5000000000000002 0.13395000000000004 1.7071500000000002 0.13395000000000004 0.26785000000000009
decision_type=2 2 2 2 2 2 2 2 2 2 2 2 2 2 2 2 2 2 2
left_child=12 -2 3 -3 -4 -6 7 -5 -9 -10 11 -7 -1 17 15 -15 -17 18 -8
right_child=1 2 4 6 5 10 13 8 9 -11 -12 -13 -14 14 -16 16 -18 -19 -20
leaf_value=-0.0024389680894765205 -0.0041667611994599387 0.0055082229851707047 -0.0023490288779330535 -0.0041521547382890826 0.0076304374219611018 0.00039945571616006696 -0.0048188567703432387 -0.00079961874554888401 0.0059888520651721067 -0.00039898378791058123 -0.0017180893330363417 0.0061902246145015419 -0.0071802285461230525 0.0023375671813473707 0.0027971907918634613 -0.0065881748634669824 -7.1500943127491865e-05 -0.0055635655021209589 0.00079332884563649902
leaf_weight=309.90945887565613 445.95500016212463 420.94251823425293 331.15639686584473 300.42152905464172 455.37457203865051 497.461665391922 297.78214812278748 467.90267729759216 600.33426308631897 320.58480644226074 361.52567172050476 396.10592818260193 315.3782274723053 313.49968194961548 315.96687984466553 403.75926041603088 307.19620299339294 388.81535792350769 342.74525594711304
leaf_count=114 164 139 107 106 140 162 102 158 194 106 114 123 112 104 105 137 102 130 115
internal_value=-4.99503e-05 0.000379056 0.000689906 -5.06936e-05 0.00231501 0.00321799 -0.000627185 0.00109272 0.00222726 0.00376516 0.00161706 0.00296642 -0.00483033 -0.00185319 -0.000794791 -0.00190265 -0.00377239 -0.00323144 -0.00181578
internal_weight=7592.82 6967.53 6521.57 4479.95 2041.62 1710.47 4059.01 1689.24 1388.82 920.919 1255.09 893.568 625.288 2369.76 1340.42 1024.46 710.955 1029.34 640.527
internal_count=2534 2308 2144 1498 646 539 1359 564 458 300 399 285 226 795 448 343 239 347 217
is_linear=0
shrinkage=0.04


Tree=25
num_leaves=21
num_cat=0
split_feature=16 25 29 18 18 21 4 4 9 16 16 19 4 17 15 4 4 2 19 18
split_gain=7.26194 7.50177 9.47206 5.17502 3.66428 3.25156 3.20393 2.60091 3.2241 7.24542 3.38592 5.47657 3.58613 2.42453 5.63506 2.26794 3.5259 2.78402 0.766137 0.0471501
threshold=2.3541500000000002 11.145000000000001 2.5000000000000004 0.15480000000000002 0.81665000000000021 1.0000000180025095e-35 0.15480000000000002 0.18335000000000004 0.72080000000000011 3.4722000000000004 3.7071500000000008 0.77500000000000013 0.38750000000000007 0.63335000000000008 3.2916500000000002 0.47220000000000006 0.35415000000000002 2.2928500000000001 0.36665000000000009 1.2361000000000002
decision_type=2 2 2 2 2 2 2 2 2 2 2 2 2 2 2 2 2 2 2 2
left_child=6 3 -3 -2 -4 18 -1 13 9 -9 11 12 -10 -7 -15 16 -12 -17 -5 -16
right_child=1 2 4 5 -6 7 -8 8 10 -11 15 -13 -14 14 19 17 -18 -19 -20 -21
leaf_value=-0.0017249262131964907 -0.0045182167970687056 -0.002220849123925517 0.0028678415478250899 0.0040889669195557574 0.0086553914970178576 0.0010559477876796116 -0.0074882342183440779 0.0060159955785650567 -0.0013695838326216237 -0.0014123570833065057 -2.2580876008503245e-05 0.0027252251532330135 -0.0063222064977488598 -0.0067511155161247048 -0.00089440753322440349 -0.0035684279330081632 0.0055504619174208793 0.0015249532761684866 0.0013065960724229493 -0.00019615977311112094
leaf_weight=337.4041268825531 450.95547580718994 337.81939816474915 330.82205200195312 302.26642441749573 371.68459510803223 328.88195466995239 284.4403555393219 421.95710730552673 538.55804467201233 418.40425872802734 429.41748952865601 293.95310044288635 413.55253911018372 378.27088165283203 318.41417789459229 321.57134366035461 314.78868460655212 368.42459797859192 332.54592633247375 301.00798535346985
leaf_count=123 166 109 104 101 116 110 103 139 181 137 139 99 141 134 106 103 99 117 108 100
internal_value=-0.000219273 0.000150079 0.00328318 -0.000399299 0.00592994 -6.0473e-05 -0.00436114 -0.000413017 0.000155748 0.00231752 -0.000522047 -0.00204731 -0.00352077 -0.00192247 -0.00290429 0.000803131 0.00233474 -0.000848808 0.00263142 -0.000555094
internal_weight=7595.14 6973.3 1040.33 5932.97 702.507 5482.01 621.844 4847.2 3520.63 840.361 2680.27 1246.06 952.111 1326.57 997.693 1434.2 744.206 689.996 634.812 619.422
internal_count=2535 2309 329 1980 220 1814 226 1605 1155 276 879 421 322 450 340 458 238 220 209 206
is_linear=0
shrinkage=0.04


Tree=26
num_leaves=20
num_cat=0
split_feature=22 18 16 23 27 8 1 7 18 6 12 12 4 25 19 20 18 18 8
split_gain=10.5888 6.52003 4.84572 2.95543 3.19501 2.88628 6.62487 4.16542 2.70522 2.5494 6.78898 6.19867 2.29832 2.07025 1.66099 1.33403 1.13934 0.831712 0.0991282
threshold=6.5000000000000009 1.1339500000000002 3.9500000000000006 0.27385000000000009 6.5514500000000009 0.64585000000000015 0.95000000000000007 1.1000000000000003 0.58570000000000011 0.11805000000000002 0.19090000000000004 0.095450000000000021 0.23610000000000003 7.6648500000000004 1.0000000180025095e-35 0.81665000000000021 0.78890000000000016 0.64585000000000015 0.21110000000000004
decision_type=2 2 2 2 2 2 2 2 2 2 2 2 2 2 2 2 2 2 2
left_child=2 9 3 4 5 6 17 12 -4 11 -11 13 -7 -2 -10 -16 -14 -1 -19
right_child=1 -3 8 -5 -6 7 -8 -9 14 10 -12 -13 16 -15 15 -17 -18 18 -20
leaf_value=-0.00065469348414624168 -0.0020459907607496804 0.005532972762594051 -0.0024063881926167686 -0.0052563089747785195 0.002046884354539937 -0.0072056134300757212 0.0045771189705459863 0.00036129966181149237 -0.00056277966760246952 -0.0045053251691801596 0.0020942752459471204 0.006505305168980252 -0.0017246233183399805 0.0023383239532829467 0.0041280148605443547 0.00076278471656166099 -0.0048757206546619679 -0.0037417687452022657 -0.0027118241327372095
leaf_weight=293.61666965484619 374.91396069526672 589.06021547317505 375.77997279167175 429.92782020568848 323.13574481010437 360.25221252441406 288.04611349105835 361.93346428871155 408.27677488327026 427.13652896881104 599.3345193862915 348.89827537536621 366.06633830070496 318.89398145675659 415.14829444885254 345.19209027290344 368.30221509933472 315.10434651374817 284.52175951004028
leaf_count=105 122 185 131 155 107 127 97 126 134 138 192 110 130 102 126 109 127 114 98
internal_value=-0.000215136 0.00182013 -0.00131136 -0.00215723 -0.00170725 -0.00216714 -0.000697906 -0.00335871 0.000545846 0.000763144 -0.000651959 0.00215621 -0.00458872 -3.08343e-05 0.00149517 0.00260021 -0.00330497 -0.00239896 -0.00325306
internal_weight=7593.54 2658.24 4935.3 3390.91 2960.98 2637.84 1181.29 1456.55 1544.4 2069.18 1026.47 1042.71 1094.62 693.808 1168.62 760.34 734.369 893.243 599.626
internal_count=2535 849 1686 1186 1031 924 414 510 500 664 330 334 384 224 369 235 257 317 212
is_linear=0
shrinkage=0.04


Tree=27
num_leaves=20
num_cat=0
split_feature=22 16 25 25 4 23 27 8 1 7 27 17 10 9 4 17 17 17 8
split_gain=10.1689 4.66907 4.11917 4.34995 3.19164 2.86541 3.07512 2.79024 6.35468 4.03247 2.66124 6.85584 2.39083 5.57891 2.2419 1.89536 1.86242 0.75584 0.0897771
threshold=6.5000000000000009 3.9500000000000006 11.145000000000001 4.2500000000000009 0.43650000000000005 0.27385000000000009 6.5514500000000009 0.64585000000000015 0.95000000000000007 1.1000000000000003 1.2298000000000002 0.55000000000000016 1.0000000180025095e-35 0.72080000000000011 0.23610000000000003 0.77500000000000013 1.4500000000000002 0.63335000000000008 0.21110000000000004
decision_type=2 2 2 2 2 2 2 2 2 2 2 2 2 2 2 2 2 2 2
left_child=1 5 3 -2 12 6 7 8 17 14 11 -3 13 -5 -9 -16 -13 -1 -19
right_child=2 10 -4 4 -6 -7 -8 9 -10 -11 -12 16 -14 -15 15 -17 -18 18 -20
leaf_value=-0.00070734518469376621 0.0039855430192398391 -0.0055577188298788676 0.0048954438141371156 0.0030116776720796731 -0.0032290989422389545 -0.0051793274820277051 0.0020020824116549429 -0.0071140768487454546 0.004465507480196652 0.00035399377611548247 0.0037038896031650489 6.4169541676814814e-05 0.0032891429618357145 -0.0039935784944849645 -0.0011792977253177975 -0.005250856448027098 0.0038520433094947153 -0.0036492934575794805 -0.0026652489453443447
leaf_weight=296.51180601119995 566.90114521980286 301.97767424583435 541.22048282623291 367.21167206764221 391.96087455749512 427.67391467094421 323.79784440994263 357.66570544242859 289.36755609512329 362.06425356864929 332.66430354118347 590.13683605194092 435.37311506271362 360.43225860595703 359.66381764411926 372.28258156776428 320.46612000465393 310.84020304679871 283.75123190879822
leaf_count=106 180 107 165 118 127 155 107 127 97 126 103 187 141 118 128 129 103 113 98
internal_value=-0.000211052 -0.00128712 0.00178054 0.000986032 -0.000107505 -0.0021191 -0.00167633 -0.00212884 -0.000684623 -0.00330325 0.000534649 -0.000334814 0.000944537 -0.000458317 -0.0045185 -0.00325017 0.00139723 -0.00235702 -0.00317969
internal_weight=7591.96 4928.86 2663.1 2121.88 1554.98 3383.62 2955.94 2632.15 1180.47 1451.68 1545.24 1212.58 1163.02 727.644 1089.61 731.946 910.603 891.103 594.591
internal_count=2535 1686 849 684 504 1186 1031 924 414 510 500 397 377 236 384 257 290 317 211
is_linear=0
shrinkage=0.04


Tree=28
num_leaves=20
num_cat=0
split_feature=22 18 16 23 23 17 23 23 17 23 23 6 1 16 7 0 19 20 22
split_gain=9.76615 6.18608 4.49843 2.77771 2.83402 2.58373 5.43772 3.29934 2.45723 2.43762 2.22353 2.56147 2.15407 2.10071 1.77712 1.72224 1.59126 1.26758 0.361015
threshold=6.5000000000000009 1.1339500000000002 3.9500000000000006 0.27385000000000009 0.12830000000000003 0.77500000000000013 0.22905000000000003 0.24720000000000003 0.55000000000000016 0.22475000000000003 0.039600000000000003 0.18335000000000004 1.2361000000000002 3.6458500000000007 0.77500000000000013 0.77500000000000013 1.0000000180025095e-35 0.81665000000000021 2.5000000000000004
decision_type=2 2 2 2 2 2 2 2 2 2 2 2 2 2 2 2 2 2 2
left_child=2 5 3 4 10 6 -2 13 -4 14 11 12 15 -7 -6 18 -10 -18 -1
right_child=1 -3 8 -5 9 7 -8 -9 16 -11 -12 -13 -14 -15 -16 -17 17 -19 -20
leaf_value=-0.0022623107898402787 0.0046531810939572293 0.0053428544161885647 -0.0023016618007014353 -0.0051030765137732104 0.0038744960332211245 -0.0048250866293334553 -0.0011382537468012616 0.0021821944154297485 -0.00059021029037820355 -0.0022796927289949055 -0.0057285467765715052 0.00089318959323070476 -0.0058230264634459615 -0.00021821441822711949 -0.00048224284214877316 0.00048253659737437869 0.0039852927233374868 0.00071160500930900433 -0.0041760617536521728
leaf_weight=352.25067853927612 588.98884844779968 593.50320553779602 373.53907370567322 425.46457815170288 299.94218301773071 313.86473202705383 463.54747939109802 388.28598284721375 408.85785412788391 418.56901025772095 297.13760375976562 383.49244451522827 296.28815317153931 319.67100048065186 299.25954937934875 318.49092102050781 417.63274240493774 346.05074501037598 285.58041262626648
leaf_count=130 183 185 131 155 100 101 151 128 134 142 102 132 107 101 102 114 126 109 102
internal_value=-0.000207049 0.00174191 -0.00126332 -0.00208156 -0.00164593 0.000711628 0.00210258 -0.00072113 0.000523626 6.24898e-05 -0.00254534 -0.00196722 -0.00284295 -0.00250054 0.00169861 -0.00191967 0.00142368 0.00250187 -0.00311917
internal_weight=7590.42 2667.86 4922.56 3376.48 2951.01 2074.36 1052.54 1021.82 1546.08 1017.77 1933.24 1636.1 1252.61 633.536 599.202 956.322 1172.54 763.683 637.831
internal_count=2535 849 1686 1186 1031 664 334 330 500 344 687 585 453 202 202 346 369 235 232
is_linear=0
shrinkage=0.04


Tree=29
num_leaves=20
num_cat=0
split_feature=22 18 16 23 27 8 1 4 27 18 17 27 23 16 17 23 20 18 8
split_gain=9.37919 5.89614 4.33394 2.69234 2.9739 2.68652 6.01788 3.21702 2.51776 6.49536 2.47684 5.68119 3.17296 2.03357 1.78966 1.69552 1.53449 0.777354 0.0938064
threshold=6.5000000000000009 1.1339500000000002 3.9500000000000006 0.27385000000000009 6.5514500000000009 0.64585000000000015 0.95000000000000007 0.23610000000000003 1.2298000000000002 0.58570000000000011 0.77500000000000013 3.2757500000000004 0.24720000000000003 3.6458500000000007 1.4500000000000002 0.14550000000000005 0.47220000000000006 0.64585000000000015 0.21110000000000004
decision_type=2 2 2 2 2 2 2 2 2 2 2 2 2 2 2 2 2 2 2
left_child=2 10 3 4 5 6 17 -7 9 -4 11 -2 13 -12 -11 16 -9 -1 -19
right_child=1 -3 8 -5 -6 7 -8 15 -10 14 12 -13 -14 -15 -16 -17 -18 18 -20
leaf_value=-0.00059404645681818212 -0.0006863688016267264 0.0052085400532548096 -0.0054448419100438898 -0.0050275607688999822 0.0020004872840765084 -0.0064387282250917997 0.0043492684166867154 -0.0014060528839725881 0.0035861439960311642 3.548361016712917e-05 -0.0047523500374029625 0.005198495707753526 0.0021341390856467728 -0.00021392702164007093 0.003742108903363624 0.00043207239082421352 -0.0049738568423816458 -0.0035901059506493684 -0.0025839999231433435
leaf_weight=292.69256281852722 563.17336225509644 596.68269371986389 299.61361885070801 423.2989284992218 323.82146811485291 369.46866059303284 290.75673651695251 405.2584068775177 334.33468723297119 590.98757028579712 312.35395574569702 491.58268666267395 389.13422155380249 319.60125041007996 321.95857906341553 301.54490756988525 368.04322743415833 312.16766715049744 282.41701364517212
leaf_count=105 181 185 107 155 107 132 97 144 103 187 101 153 128 101 103 103 131 114 98
internal_value=-0.000203099 0.00170418 -0.00123989 -0.00204458 -0.001616 -0.00206258 -0.000644951 -0.00321885 0.000512897 -0.000334478 0.000696885 0.00205635 -0.000707401 -0.00245712 0.00134266 -0.00211204 -0.0031041 -0.00228153 -0.00311222
internal_weight=7588.89 2672.53 4916.36 3369.47 2946.17 2622.35 1178.03 1444.32 1546.89 1212.56 2075.85 1054.76 1021.09 631.955 912.946 1074.85 773.302 887.277 594.585
internal_count=2535 849 1686 1186 1031 924 414 510 500 397 664 334 330 202 290 378 275 317 212
is_linear=0
shrinkage=0.04


Tree=30
num_leaves=18
num_cat=0
split_feature=16 22 15 15 30 25 16 16 22 21 25 16 16 2 6 19 17
split_gain=7.99499 8.71866 5.44699 5.01346 4.33826 4.29871 3.35103 4.31769 4.06714 3.41296 3.18977 2.5727 2.5854 2.466 2.34707 1.46544 0.962164
threshold=3.3875000000000006 5.5000000000000009 3.1000000000000005 3.4500000000000006 1.7500000000000002 11.940000000000003 4.0500000000000007 4.267850000000001 8.5000000000000018 1.5000000000000002 8.278850000000002 3.5857000000000006 3.7889000000000004 1.2361000000000002 0.15480000000000002 1.0000000180025095e-35 0.90000000000000013
decision_type=2 2 2 2 2 2 2 2 2 2 2 2 2 2 2 2 2
left_child=1 10 4 -2 -3 6 8 -8 9 11 14 -5 -13 -11 16 -14 -1
right_child=3 2 -4 5 -6 -7 7 -9 -10 13 -12 12 15 -15 -16 -17 -18
leaf_value=-0.0046919447622271199 0.0047332034710351146 0.006967780880818052 -0.0020071073020166584 -0.0054508996638857124 0.00044750552027936625 0.0040196352047574676 0.0055492086913193862 -0.0002548878825721295 0.0025438224555222591 0.0038267286354187846 -0.0069002146400805042 0.0012656968010875491 -0.0049039925593263806 -0.0011979893463593015 0.0003628357969391787 -0.0014802873432205952 -0.0021616620245414699
leaf_weight=532.57867503166199 541.53791880607605 304.12363576889038 521.94449162483215 321.9424786567688 352.51976943016052 525.89603805541992 376.19102931022644 450.82434225082397 556.96297335624695 302.23543381690979 342.50808787345886 389.9833197593689 302.15075945854187 323.59299349784851 328.28629446029663 591.8471519947052 438.37473225593567
leaf_count=198 173 98 170 111 117 163 114 146 179 101 124 131 103 109 115 192 162
internal_value=0.000100604 -0.0015819 0.00104296 0.00111386 0.00346736 0.00064061 0.000149141 0.00238527 -0.000513999 -0.00127712 -0.00346625 -0.00225361 -0.00145193 0.00122863 -0.00256099 -0.00263742 -0.00354955
internal_weight=7503.5 2820.34 1178.59 4683.16 656.643 4141.63 3615.73 827.015 2788.72 2231.75 1641.75 1605.92 1283.98 625.828 1299.24 893.998 970.953
internal_count=2506 984 385 1522 215 1349 1186 260 926 747 599 537 426 210 475 295 360
is_linear=0
shrinkage=0.04


end of trees

feature_importances:
last_10_avg_at_bats=60
pitcher_last_5_k_rate=57
games_played_season=52
last_5_avg_strikeouts=40
last_10_avg_strikeouts=39
last_5_avg_at_bats=36
last_5_avg_total_bases=32
last_10_rate_over_1.5_total_bases=28
last_10_avg_rbis=28
pitcher_last_5_h_per_9=22
pitcher_last_5_avg_outs=21
last_10_rate_over_3.5_total_bases=20
last_5_avg_rbis=19
last_5_avg_hits=18
last_10_avg_hits=18
last_10_rate_over_2.5_total_bases=16
pitcher_last_5_era=16
season_avg_hits=15
days_rest=10
last_20_avg_total_bases=7
last_10_avg_total_bases=6
last_5_avg_home_runs=4
season_avg_home_runs=4
last_10_avg_home_runs=3
pitcher_last_10_k_rate=3
pitcher_last_10_h_per_9=2
pitcher_last_10_era=1
pitcher_last_10_avg_outs=1

parameters:
[boosting: gbdt]
[objective: poisson]
[metric: poisson,l1]
[tree_learner: serial]
[device_type: cpu]
[data_sample_strategy: bagging]
[data: ]
[valid: ]
[num_iterations: 2000]
[learning_rate: 0.04]
[num_leaves: 31]
[num_threads: 0]
[seed: 42]
[deterministic: 0]
[force_col_wise: 0]
[force_row_wise: 0]
[histogram_pool_size: -1]
[max_depth: -1]
[min_data_in_leaf: 100]
[min_sum_hessian_in_leaf: 0.001]
[bagging_fraction: 0.9]
[pos_bagging_fraction: 1]
[neg_bagging_fraction: 1]
[bagging_freq: 5]
[bagging_seed: 400]
[bagging_by_query: 0]
[feature_fraction: 0.9]
[feature_fraction_bynode: 1]
[feature_fraction_seed: 30056]
[extra_trees: 0]
[extra_seed: 12879]
[early_stopping_round: 0]
[early_stopping_min_delta: 0]
[first_metric_only: 0]
[max_delta_step: 0]
[lambda_l1: 0]
[lambda_l2: 0]
[linear_lambda: 0]
[min_gain_to_split: 0]
[drop_rate: 0.1]
[max_drop: 50]
[skip_drop: 0.5]
[xgboost_dart_mode: 0]
[uniform_drop: 0]
[drop_seed: 17869]
[top_rate: 0.2]
[other_rate: 0.1]
[min_data_per_group: 100]
[max_cat_threshold: 32]
[cat_l2: 10]
[cat_smooth: 10]
[max_cat_to_onehot: 4]
[top_k: 20]
[monotone_constraints: ]
[monotone_constraints_method: basic]
[monotone_penalty: 0]
[feature_contri: ]
[forcedsplits_filename: ]
[refit_decay_rate: 0.9]
[cegb_tradeoff: 1]
[cegb_penalty_split: 0]
[cegb_penalty_feature_lazy: ]
[cegb_penalty_feature_coupled: ]
[path_smooth: 0]
[interaction_constraints: ]
[verbosity: -1]
[saved_feature_importance_type: 0]
[use_quantized_grad: 0]
[num_grad_quant_bins: 4]
[quant_train_renew_leaf: 0]
[stochastic_rounding: 1]
[linear_tree: 0]
[max_bin: 255]
[max_bin_by_feature: ]
[min_data_in_bin: 3]
[bin_construct_sample_cnt: 200000]
[data_random_seed: 175]
[is_enable_sparse: 1]
[enable_bundle: 1]
[use_missing: 1]
[zero_as_missing: 0]
[feature_pre_filter: 1]
[pre_partition: 0]
[two_round: 0]
[header: 0]
[label_column: ]
[weight_column: ]
[group_column: ]
[ignore_column: ]
[categorical_feature: ]
[forcedbins_filename: ]
[precise_float_parser: 0]
[parser_config_file: ]
[objective_seed: 16083]
[num_class: 1]
[is_unbalance: 0]
[scale_pos_weight: 1]
[sigmoid: 1]
[boost_from_average: 1]
[reg_sqrt: 0]
[alpha: 0.9]
[fair_c: 1]
[poisson_max_delta_step: 0.7]
[tweedie_variance_power: 1.5]
[lambdarank_truncation_level: 30]
[lambdarank_norm: 1]
[label_gain: ]
[lambdarank_position_bias_regularization: 0]
[eval_at: ]
[multi_error_top_k: 1]
[auc_mu_weights: ]
[num_machines: 1]
[local_listen_port: 12400]
[time_out: 120]
[machine_list_filename: ]
[machines: ]
[gpu_platform_id: -1]
[gpu_device_id: -1]
[gpu_use_dp: 0]
[num_gpu: 1]

end of parameters

pandas_categorical:[]
